0 1.1 5.6859090909090915 10.538365678488942 38.491 1.142 0 0
10 0.6 2.655666666666667 2.285809751974609 38.491 1.142 5.6859090909090915 11
20 0.8 3.6197500000000002 3.373941343221604 38.491 1.142 4.616411764705883 17
30 0.9 4.768666666666666 3.873660944263335 38.491 1.142 4.29748 25
40 0.4 4.25725 2.816155391220449 38.491 1.142 4.422205882352942 34
50 0.8 2.268875 1.2622423932727818 38.491 1.142 4.404842105263159 38
60 1.2 4.941833333333333 7.906177951801714 38.491 1.142 4.0333695652173915 46
70 2.1 3.4020952380952383 2.538979733311749 38.491 1.142 4.221327586206897 58
80 1.8 4.008500000000001 2.587814012078749 38.491 1.142 4.003556962025317 79
90 2.5 4.110319999999999 3.037980483413282 38.491 1.142 4.004474226804124 97
100 2.3 4.117043478260869 2.878439650956156 38.491 1.142 4.026163934426229 122
110 2.3 4.733913043478262 4.1748737852626565 38.491 1.142 4.040579310344827 145
120 2.5 6.047040000000001 6.709103746283851 38.491 1.142 4.1355 168
130 2.9 3.478689655172413 2.924840344637143 38.491 1.142 4.383108808290157 193
140 3.4 2.9043235294117653 2.43391362068907 38.491 1.142 4.2649639639639645 222
150 2.9 4.258827586206899 3.341507682313949 38.491 1.142 4.084253906250001 256
160 3.2 3.62084375 2.5544348825789114 38.491 1.142 4.10201754385965 285
170 3 2.9952333333333327 2.2800526848201454 38.491 1.142 4.053444794952682 317
180 2.8 4.271214285714287 5.868621372283655 38.491 1.142 3.9619567723342946 347
190 4.2 3.1380238095238093 2.2749273194888926 38.491 1.142 3.985048000000001 375
200 4.3 4.717976744186046 3.749842424524195 38.491 1.142 3.8997362110311755 417
210 3.6 3.761305555555556 2.69263248739804 38.491 1.142 3.976223913043479 460
220 3.6 4.5891111111111105 3.355307617771662 38.491 1.142 3.9606250000000007 496
230 3.1 4.7947096774193545 3.61667004384356 38.491 1.142 4.003154135338346 532
240 5.4 5.0544259259259245 7.5672695149029625 54.982 1.142 4.0467388987566615 563
250 4.7 4.271106382978725 3.214655543799118 54.982 1.142 4.134931928687196 617
260 4.7 3.4124893617021277 2.4517464194337015 54.982 1.142 4.14457078313253 664
270 5.3 4.0832452830188695 3.123354116944833 54.982 1.142 4.096177215189874 711
280 4.7 3.3916170212765953 2.584238186054735 54.982 1.142 4.095280104712043 764
290 3.7 3.6724324324324322 2.7977339724444423 54.982 1.142 4.054500616522813 811
300 1 10.558900000000001 14.131801438245585 54.982 1.142 4.037830188679247 848
310 0 0 0 54.982 1.142 4.113833333333335 858
320 0 0 0 54.982 1.142 4.113833333333335 858
330 0 0 0 54.982 1.142 4.113833333333335 858
340 0 0 0 54.982 1.142 4.113833333333335 858
350 0 0 0 54.982 1.142 4.113833333333335 858
357 0 0 0 54.982 1.142 4.113833333333335 858
