0 0.1 4.529782863849766 0 4.529782863849766 4.529782863849766 0 0
10 0.1 1.3902681231380336 0.0 4.529782863849766 1.3902681231380336 4.529782863849766 1
20 0.1 0.8 0.0 4.529782863849766 0.8 2.9600254934939 2
30 0.1 2.6052104208416833 0.0 4.529782863849766 0.8 2.2400169956625997 3
40 0.1 3.0 0.0 4.529782863849766 0.8 2.3313153519573704 4
50 0.1 1.7017017017017018 0.0 4.529782863849766 0.8 2.4650522815658964 5
60 0.1 2.404809619238477 0.0 4.529782863849766 0.8 2.337827184921864 6
70 0.1 5.876494023904383 0.0 5.876494023904383 0.8 2.3473961041099516 7
80 0.1 3.1904287138584246 0.0 5.876494023904383 0.8 2.7885333440842555 8
90 0.1 2.197802197802198 0.0 5.876494023904383 0.8 2.833188385170274 9
100 0.1 2.3046092184368736 0.0 5.876494023904383 0.8 2.7696497664334663 10
110 0.1 4.990019960079841 0.0 5.876494023904383 0.8 2.727373352979231 11
120 0.1 4.990019960079841 0.0 5.876494023904383 0.8 2.9159272369042815 12
130 0.1 2.9791459781529297 0.0 5.876494023904383 0.8 3.0754728309947095 13
140 0.1 3.3763654419066533 0.0 5.876494023904383 0.8 3.068592341506011 14
150 0.1 5.278884462151394 0.0 5.876494023904383 0.8 3.089110548199387 15
160 0.1 5.858987090367428 0.0 5.876494023904383 0.8 3.2259714178213876 16
170 0.1 5.841584158415842 0.0 5.876494023904383 0.8 3.380854692677037 17
180 0.1 2.888446215139442 0.0 5.876494023904383 0.8 3.517561885218081 18
190 0.1 3.090727816550349 0.0 5.876494023904383 0.8 3.4844505341613106 19
200 0.1 5.5721393034825875 0.0 5.876494023904383 0.8 3.4647643982807628 20
210 0.1 7.41106719367589 0.0 7.41106719367589 0.8 3.5651155842427547 21
220 0.1 4.079601990049751 0.0 7.41106719367589 0.8 3.7399315664897155 22
230 0.1 3.758654797230465 0.0 7.41106719367589 0.8 3.754699845774934 23
240 0.1 4.261645193260654 0.0 7.41106719367589 0.8 3.754864635418915 24
250 0.1 6.974459724950884 0.0 7.41106719367589 0.8 3.775135857732584 25
260 0.1 5.138339920948617 0.0 7.41106719367589 0.8 3.898186775702519 26
270 0.1 3.8537549407114624 0.0 7.41106719367589 0.8 3.944118373674596 27
280 0.1 5.561072492552134 0.0 7.41106719367589 0.8 3.9408911082116274 28
290 0.1 4.369414101290963 0.0 7.41106719367589 0.8 3.9967594318095756 29
300 0.1 6.896551724137931 0.0 7.41106719367589 0.8 4.009181254125622 30
310 0.1 2.6 0.0 7.41106719367589 0.8 4.102322237029245 31
320 0.1 2.3880597014925375 0.0 7.41106719367589 0.8 4.055374667122082 32
330 0.1 2.4826216484607744 0.0 7.41106719367589 0.8 4.004849971193914 33
340 0.1 3.306613226452906 0.0 7.41106719367589 0.8 3.9600785499370565 34
350 0.1 2.3833167825223436 0.0 7.41106719367589 0.8 3.9414081121232236 35
357 0.1 3.6926147704590817 0.0 7.41106719367589 0.8 3.898127797412088 36
