0 0.1 3536.55078125 0 3536.55078125 3536.55078125 0 0
10 0.1 3534.79296875 0.0 3536.55078125 3534.79296875 3536.55078125 1
20 0.1 3533.73046875 0.0 3536.55078125 3533.73046875 3535.671875 2
30 0.1 3532.0390625 0.0 3536.55078125 3532.0390625 3535.0247395833335 3
40 0.1 3531.78515625 0.0 3536.55078125 3531.78515625 3534.2783203125 4
50 0.1 3530.60546875 0.0 3536.55078125 3530.60546875 3533.7796875 5
60 0.1 3531.0703125 0.0 3536.55078125 3530.60546875 3533.2506510416665 6
70 0.1 3530.421875 0.0 3536.55078125 3530.421875 3532.9391741071427 7
80 0.1 3527.59375 0.0 3536.55078125 3527.59375 3532.62451171875 8
90 0.1 3526.01953125 0.0 3536.55078125 3526.01953125 3532.0655381944443 9
100 0.1 3525.63671875 0.0 3536.55078125 3525.63671875 3531.4609375 10
110 0.1 3525.05078125 0.0 3536.55078125 3525.05078125 3530.931463068182 11
120 0.1 3522.99609375 0.0 3536.55078125 3522.99609375 3530.44140625 12
130 0.1 3519.66796875 0.0 3536.55078125 3519.66796875 3529.868689903846 13
140 0.1 3517.62109375 0.0 3536.55078125 3517.62109375 3529.140066964286 14
150 0.1 3516.7265625 0.0 3536.55078125 3516.7265625 3528.372135416667 15
160 0.1 3515.98828125 0.0 3536.55078125 3515.98828125 3527.644287109375 16
170 0.1 3515.234375 0.0 3536.55078125 3515.234375 3526.9586397058824 17
180 0.1 3512.05078125 0.0 3536.55078125 3512.05078125 3526.3072916666665 18
190 0.1 3509.328125 0.0 3536.55078125 3509.328125 3525.556949013158 19
200 0.1 3508.45703125 0.0 3536.55078125 3508.45703125 3524.7455078125 20
210 0.1 3507.4375 0.0 3536.55078125 3507.4375 3523.9698660714284 21
220 0.1 3506.35546875 0.0 3536.55078125 3506.35546875 3523.2183948863635 22
230 0.1 3503.5390625 0.0 3536.55078125 3503.5390625 3522.4852241847825 23
240 0.1 3498.9375 0.0 3536.55078125 3498.9375 3521.69580078125 24
250 0.1 3497.453125 0.0 3536.55078125 3497.453125 3520.78546875 25
260 0.1 3496.34375 0.0 3536.55078125 3496.34375 3519.8880709134614 26
270 0.1 3495.97265625 0.0 3536.55078125 3495.97265625 3519.016059027778 27
280 0.1 3495.8125 0.0 3536.55078125 3495.8125 3518.1930803571427 28
290 0.1 3495.453125 0.0 3536.55078125 3495.453125 3517.4213362068967 29
300 0.1 3495.2109375 0.0 3536.55078125 3495.2109375 3516.6890625 30
310 0.1 3495.21875 0.0 3536.55078125 3495.2109375 3515.9962197580644 31
320 0.1 3495.10546875 0.0 3536.55078125 3495.10546875 3515.346923828125 32
330 0.1 3495.11328125 0.0 3536.55078125 3495.10546875 3514.733546401515 33
340 0.1 3495.03515625 0.0 3536.55078125 3495.03515625 3514.1564797794117 34
350 0.1 3494.83203125 0.0 3536.55078125 3494.83203125 3513.61015625 35
357 0.1 3494.81640625 0.0 3536.55078125 3494.81640625 3513.0885416666665 36
