0 0.1 0.01171875 0 0.01171875 0.01171875 0 0
10 0.1 0.0 0.0 0.01171875 0.0 0.01171875 1
20 0.1 0.0 0.0 0.01171875 0.0 0.005859375 2
30 0.1 0.0 0.0 0.01171875 0.0 0.00390625 3
40 0.1 0.0 0.0 0.01171875 0.0 0.0029296875 4
50 0.1 0.0 0.0 0.01171875 0.0 0.00234375 5
60 0.1 0.0 0.0 0.01171875 0.0 0.001953125 6
70 0.1 0.0 0.0 0.01171875 0.0 0.0016741071428571428 7
80 0.1 0.0 0.0 0.01171875 0.0 0.00146484375 8
90 0.1 0.0 0.0 0.01171875 0.0 0.0013020833333333333 9
100 0.1 0.0 0.0 0.01171875 0.0 0.001171875 10
110 0.1 0.0 0.0 0.01171875 0.0 0.001065340909090909 11
120 0.1 0.0 0.0 0.01171875 0.0 9.765625e-4 12
130 0.1 0.0 0.0 0.01171875 0.0 9.014423076923077e-4 13
140 0.1 0.0 0.0 0.01171875 0.0 8.370535714285714e-4 14
150 0.1 0.0 0.0 0.01171875 0.0 7.8125e-4 15
160 0.1 0.0 0.0 0.01171875 0.0 7.32421875e-4 16
170 0.1 0.0 0.0 0.01171875 0.0 6.893382352941177e-4 17
180 0.1 0.0 0.0 0.01171875 0.0 6.510416666666666e-4 18
190 0.1 0.0 0.0 0.01171875 0.0 6.167763157894736e-4 19
200 0.1 0.0 0.0 0.01171875 0.0 5.859375e-4 20
210 0.1 0.1484375 0.0 0.1484375 0.0 5.580357142857143e-4 21
220 0.1 0.12109375 0.0 0.1484375 0.0 0.007279829545454545 22
230 0.1 0.1015625 0.0 0.1484375 0.0 0.012228260869565218 23
240 0.1 0.08984375 0.0 0.1484375 0.0 0.015950520833333332 24
250 0.1 0.0703125 0.0 0.1484375 0.0 0.01890625 25
260 0.1 0.140625 0.0 0.1484375 0.0 0.02088341346153846 26
270 0.1 0.12109375 0.0 0.1484375 0.0 0.02531828703703704 27
280 0.1 0.1015625 0.0 0.1484375 0.0 0.028738839285714284 28
290 0.1 0.16015625 0.0 0.16015625 0.0 0.03125 29
300 0.1 0.12890625 0.0 0.16015625 0.0 0.035546875 30
310 0.1 0.109375 0.0 0.16015625 0.0 0.038558467741935484 31
320 0.1 0.1015625 0.0 0.16015625 0.0 0.040771484375 32
330 0.1 0.078125 0.0 0.16015625 0.0 0.04261363636363636 33
340 0.1 0.0703125 0.0 0.16015625 0.0 0.043658088235294115 34
350 0.1 0.05859375 0.0 0.16015625 0.0 0.04441964285714286 35
357 0.1 0.05078125 0.0 0.16015625 0.0 0.04481336805555555 36
