10 0.1 3087 0 3087 3087 0 0
20 0.1 1558.0 0.0 3087 1558 3087.0 1
30 0.1 10567.0 0.0 10567 1558 2322.5 2
40 0.1 9115.0 0.0 10567 1558 5070.666666666667 3
50 0.1 7565.0 0.0 10567 1558 6081.75 4
60 0.1 9189.0 0.0 10567 1558 6378.4 5
70 0.1 10112.0 0.0 10567 1558 6846.833333333333 6
80 0.1 8471.0 0.0 10567 1558 7313.285714285715 7
90 0.1 6272.0 0.0 10567 1558 7458.0 8
100 0.1 6303.0 0.0 10567 1558 7326.222222222223 9
110 0.1 7956.0 0.0 10567 1558 7223.9 10
120 0.1 7921.0 0.0 10567 1558 7290.454545454545 11
130 0.1 6342.0 0.0 10567 1558 7343.0 12
140 0.1 8215.0 0.0 10567 1558 7266.0 13
150 0.1 9168.0 0.0 10567 1558 7333.785714285715 14
160 0.1 9596.0 0.0 10567 1558 7456.066666666667 15
170 0.1 8958.0 0.0 10567 1558 7589.8125 16
180 0.1 6997.0 0.0 10567 1558 7670.294117647059 17
190 0.1 7608.0 0.0 10567 1558 7632.888888888889 18
200 0.1 9819.0 0.0 10567 1558 7631.578947368421 19
210 0.1 6601.0 0.0 10567 1558 7740.95 20
220 0.1 11117.0 0.0 11117 1558 7686.666666666667 21
230 0.1 6530.0 0.0 11117 1558 7842.590909090909 22
240 0.1 8009.0 0.0 11117 1558 7785.521739130435 23
250 0.1 6675.0 0.0 11117 1558 7794.833333333333 24
260 0.1 9674.0 0.0 11117 1558 7750.04 25
270 0.1 5066.0 0.0 11117 1558 7824.038461538462 26
280 0.1 11294.0 0.0 11294 1558 7721.888888888889 27
290 0.1 8095.0 0.0 11294 1558 7849.464285714285 28
300 0.1 8145.0 0.0 11294 1558 7857.931034482759 29
310 0.1 9331.0 0.0 11294 1558 7867.5 30
320 0.1 7873.0 0.0 11294 1558 7914.709677419355 31
330 0.1 6224.0 0.0 11294 1558 7913.40625 32
340 0.1 10837.0 0.0 11294 1558 7862.212121212121 33
350 0.1 7194.0 0.0 11294 1558 7949.705882352941 34
357 0.1 11551.0 0.0 11551 1558 7928.114285714286 35
