0 1.3 578.1650000000001 568.8495682830796 1899.009 8.994 0 0
10 1.9 3191.519526315789 2268.8258074557643 8736.131 8.994 578.1650000000001 13
20 2.4 6074.773791666666 3653.032901512784 14497.642 8.994 2129.8442499999996 32
30 3.3 4703.02596969697 3251.4946479619457 14497.642 8.994 3820.528339285713 56
40 2.8 5126.388642857143 3508.4442109965435 14497.642 8.994 4147.746561797751 89
50 3.1 4673.528903225807 3640.0041325668167 14497.642 8.994 4381.951504273503 117
60 3.1 4533.548419354841 3665.2592743423884 14497.642 8.994 4443.025148648648 148
70 5.4 3838.223333333334 3224.0363351348533 14497.642 8.994 4458.702363128491 179
80 6.2 4344.6938064516125 3266.41922223 14497.642 8.994 4314.900356223176 233
90 6.6 4315.518287878788 3098.8739808443756 14497.642 8.994 4321.162030508474 295
100 9.9 4809.490808080806 2916.708620739098 14497.642 8.994 4320.130210526315 361
110 6.9 6021.317942028985 3147.226844278055 14695.09 8.994 4425.44912173913 460
120 8.2 6286.68807317073 3181.8556870337393 15462.295 8.994 4633.6059243856325 529
130 7.9 6394.9029367088615 3041.340161854423 15462.295 8.994 4855.459829787233 611
140 8.9 7926.171157303371 2674.460663656863 15462.295 8.994 5031.714910144927 690
150 7.6 9407.07305263157 3102.018837493789 18289.902 8.994 5362.403749679075 779
160 7.6 11559.699171052636 2674.311363725698 18289.902 8.994 5721.929909941519 855
170 8.9 12946.779258426965 2756.4403835918547 19841.627 8.994 6198.482502685283 931
180 8.2 13344.736292682928 3273.0628467176653 22474.086 8.994 6787.304474509803 1020
190 9.3 14542.811645161293 4674.224474489206 22786.528 1.057 7275.244047186932 1102
200 7.9 16704.329746835436 2682.045559045679 23948.157 1.057 7840.837174058578 1195
210 14.5 10837.582758620685 9266.748223304037 24763.002 0.886 8390.457200156985 1274
220 17.1 10180.27669590643 10307.198620710533 28715.901 0.869 8640.515837209301 1419
230 15.8 11138.661221518996 11600.193141058038 31134.905 0.869 8806.112759748426 1590
240 16.9 10826.642337278103 12031.926699875294 31134.905 0.869 9016.949520022883 1748
250 22.1 9895.979076923082 12475.241920117725 33477.44 0.869 9176.489471048513 1917
260 17.2 10069.525511627911 11327.378491052988 34488.651 0.869 9250.861408793266 2138
270 25.1 9422.021167330686 11413.785493835703 34488.651 0.869 9311.818216450218 2310
280 19.9 8361.063261306525 10100.536550704855 34488.651 0.869 9322.619052323313 2561
290 15.6 10691.754153846146 10897.042154322506 34488.651 0.869 9253.289486231884 2760
300 8.2 21068.711158536586 2709.4824916248876 34488.651 0.869 9330.244386145405 2916
310 9.7 19987.418381443294 7013.372179918256 34488.651 0.869 9651.30985490327 2998
320 7.3 21276.54078082193 3840.551382336379 34488.651 0.869 9975.252513085623 3095
330 7.9 20673.16654430379 3218.116191137005 34488.651 0.869 10235.667299558083 3168
340 6.6 17001.15796969697 5356.450713272701 34488.651 0.869 10489.613231290425 3247
350 9.7 10125.733020618556 6274.057839661925 34488.651 0.869 10619.333108361005 3313
357 2.2 5299.975772727271 7514.664970363137 34488.651 0.869 10605.292284750734 3410
