10 0.1 1159 0 1159 1159 0 0
20 0.1 743.0 0.0 1159 743 1159.0 1
30 0.1 4376.0 0.0 4376 743 951.0 2
40 0.1 4060.0 0.0 4376 743 2092.6666666666665 3
50 0.1 2573.0 0.0 4376 743 2584.5 4
60 0.1 3840.0 0.0 4376 743 2582.2 5
70 0.1 4618.0 0.0 4618 743 2791.8333333333335 6
80 0.1 3964.0 0.0 4618 743 3052.714285714286 7
90 0.1 2262.0 0.0 4618 743 3166.625 8
100 0.1 2944.0 0.0 4618 743 3066.1111111111113 9
110 0.1 3890.0 0.0 4618 743 3053.9 10
120 0.1 3906.0 0.0 4618 743 3129.909090909091 11
130 0.1 3064.0 0.0 4618 743 3194.5833333333335 12
140 0.1 2959.0 0.0 4618 743 3184.5384615384614 13
150 0.1 4085.0 0.0 4618 743 3168.4285714285716 14
160 0.1 4420.0 0.0 4618 743 3229.5333333333333 15
170 0.1 4026.0 0.0 4618 743 3303.9375 16
180 0.1 3227.0 0.0 4618 743 3346.4117647058824 17
190 0.1 3074.0 0.0 4618 743 3339.777777777778 18
200 0.1 4367.0 0.0 4618 743 3325.7894736842104 19
210 0.1 3359.0 0.0 4618 743 3377.85 20
220 0.1 3838.0 0.0 4618 743 3376.9523809523807 21
230 0.1 2759.0 0.0 4618 743 3397.909090909091 22
240 0.1 3808.0 0.0 4618 743 3370.1304347826085 23
250 0.1 3444.0 0.0 4618 743 3388.375 24
260 0.1 3713.0 0.0 4618 743 3390.6 25
270 0.1 2139.0 0.0 4618 743 3403.0 26
280 0.1 5309.0 0.0 5309 743 3356.185185185185 27
290 0.1 3960.0 0.0 5309 743 3425.9285714285716 28
300 0.1 3975.0 0.0 5309 743 3444.344827586207 29
310 0.1 3218.0 0.0 5309 743 3462.0333333333333 30
320 0.1 3132.0 0.0 5309 743 3454.1612903225805 31
330 0.1 2774.0 0.0 5309 743 3444.09375 32
340 0.1 4852.0 0.0 5309 743 3423.787878787879 33
350 0.1 2643.0 0.0 5309 743 3465.794117647059 34
357 0.1 4404.0 0.0 5309 743 3442.285714285714 35
