20 0.5 22369.1818 3226.698392260448 28204.084 19290.67 0 0
30 0.8 26378.829625000002 4451.24332675116 32599.872 18641.478 22369.1818 5
40 0.8 25012.435125 4407.620066798505 32599.872 16260.219 24836.657384615384 13
50 0.8 25889.137625 8398.388759656298 43779.856 16260.219 24903.620333333332 21
60 0.7 25225.74457142857 3801.08962487506 43779.856 16260.219 25175.487172413796 29
70 0.6 23597.05516666667 4210.847463986848 43779.856 16260.219 25185.259444444448 36
80 1.2 21875.988166666666 4306.817473626279 43779.856 15884.264 24958.37311904762 42
90 1.6 25293.12775 5548.829279464527 43779.856 15457.465 24273.398685185188 54
100 2.3 23598.80969565217 4946.517682826333 43779.856 13995.886 24506.479614285716 70
110 1.3 25834.34584615384 4150.3253161666335 43779.856 13995.886 24282.00210752688 93
120 1.6 26426.503125000003 4564.262375979275 43779.856 13995.886 24472.38388679245 106
130 1.7 32203.36929411765 5041.623571884753 44209.134 13995.886 24728.66181967213 122
140 2.1 34072.21580952381 5724.24135869424 49322.348 13995.886 25642.83467625899 139
150 1.5 37745.771199999996 5008.663911841576 49322.348 13995.886 26749.190949999997 160
160 1.4 38871.81307142858 3957.565787098272 49322.348 13995.886 27691.754971428567 175
170 1.7 43595.088058823516 3749.255886131754 51619.405 13995.886 28519.90742328042 189
180 1.1 50098.71599999999 4550.888934740034 58747.302 13995.886 29763.975728155336 206
190 2.2 52798.07254545456 4600.683271965279 61022.771 13995.886 30794.76901382488 217
200 1.7 57178.922529411764 3320.8061792405 62892.959 13995.886 32820.17770711297 239
210 2.7 53756.70162962962 14734.677285884947 71577.288 13995.886 34437.75060546875 256
220 2.7 48759.77429629631 22352.70033156304 74794.426 1326.015 36280.90140989399 283
230 4.2 48708.21597619046 22301.0294600828 78663.461 1326.015 37367.77098387096 310
240 4 47677.535299999996 23985.871721055744 82730.031 1326.015 38720.89226136363 352
250 6.4 51051.096203124995 24887.397947800968 93897.868 1326.015 39634.83542857142 392
260 4.3 43981.266953488375 26618.500205102224 93901.877 1326.015 41237.11764254385 456
270 6.1 43926.9270327869 26240.820831417586 93901.877 393.948 41473.58742284568 499
280 4.9 46862.466775510205 29559.521374085805 107611.72 393.948 41740.826201785705 560
290 4 46500.497249999986 28999.184616162398 107611.72 393.948 42152.91222495894 609
300 2.2 51316.404818181814 21378.34147629796 107611.72 393.948 42420.86815870569 649
310 2.7 67871.65640740741 27348.859969977464 118252.704 393.948 42712.525098360646 671
320 2.7 62922.86088888889 17439.711608489182 118252.704 393.948 43685.72931805157 698
330 2.7 73206.11470370369 16608.993166484543 118252.704 393.948 44402.14663172413 725
340 3.3 72277.07903030301 13838.120472695835 118252.704 393.948 45436.3316555851 752
350 5.4 69865.07464814813 9485.38381613066 118252.704 393.948 46564.668806369424 785
357 1.9 66703.60310526314 8426.858543079572 118252.704 393.948 48064.33735876042 839
