0 6.3484375 6.3484375
10 11.65546875 18.00390625
20 11.78203125 29.7859375
30 17.0703125 46.85625
40 13.3109375 60.1671875
50 16.37578125 76.54296875
60 12.56796875 89.1109375
70 23.26171875 112.37265625
80 32.221875 144.59453125
90 36.4875 181.08203125
100 43.75625 224.83828125
110 33.1328125 257.97109375
120 39.23046875 297.2015625
130 43.50390625 340.70546875
140 42.2859375 382.99140625
150 40.2421875 423.23359375
160 38.321875 461.55546875
170 38.79296875 500.3484375
180 49.828125 550.1765625
190 40.4375 590.6140625
200 45.5234375 636.1375
210 65.034375 701.171875
220 73.425 774.596875
230 48.75859375 823.35546875
240 75.1390625 898.49453125
250 70.6625 969.15703125
260 80.753125 1049.91015625
270 85.83203125 1135.7421875
280 67.94375 1203.6859375
290 62.496875 1266.1828125
300 38.89609375 1305.07890625
310 32.68046875 1337.759375
320 32.34375 1370.103125
330 24.334375 1394.4375
340 25.8578125 1420.2953125
350 28.81015625 1449.10546875
357 6.63671875 1455.7421875
