0 16.76328125 16.76328125
10 5064.06171875 5080.825
20 6758.48984375 11839.31484375
30 11820.70390625 23660.01875
40 8454.859375 32114.878125
50 11836.77265625 43951.65078125
60 10163.2703125 54114.92109375
70 10199.4640625 64314.38515625
80 8521.68671875 72836.071875
90 6840.709375 79676.78125
100 8588.778125 88265.559375
110 6856.503125 95122.0625
120 8562.32734375 103684.38984375
130 8572.80546875 112257.1953125
140 10282.9796875 122540.175
150 8577.38203125 131117.55703125
160 8574.734375 139692.29140625
170 10287.9390625 149980.23046875
180 6892.4421875 156872.67265625
190 10291.9921875 167164.66484375
200 6890.121875 174054.78671875
210 10320.6234375 184375.41015625
220 8626.7140625 193002.12421875
230 10304.1328125 203306.25703125
240 6910.28828125 210216.5453125
250 8635.890625 218852.4359375
260 6458.121875 225310.5578125
270 12551.11953125 237861.67734375
280 8637.97265625 246499.65
290 6927.87890625 253427.52890625
300 10319.2359375 263746.76484375
310 10331.2859375 274078.05078125
320 6894.0515625 280972.10234375
330 12015.1296875 292987.23203125
340 6890.64296875 299877.875
350 10344.75234375 310222.62734375
357 5119.40078125 315342.028125
