0 0.7 8.350285714285715 17.68161437938359 51.661 1.073 0 0
10 1.1 2.4929090909090905 2.535452100784375 51.661 1.015 8.350285714285715 7
20 1.9 3.3600000000000008 2.955275301095172 51.661 1.015 4.770777777777777 18
30 1.1 1.7405454545454548 1.9039944310287333 51.661 1.015 4.046324324324324 37
40 0.9 1.6462222222222223 1.1362512220042593 51.661 1.015 3.517916666666667 48
50 0.3 1.892666666666667 0.8849483349639998 51.661 1.015 3.222385964912281 57
60 0.9 4.673666666666666 8.195132715351363 51.661 1.015 3.1559000000000004 60
70 2.2 3.448409090909091 2.89084551423802 51.661 1.015 3.3538695652173915 69
80 1.7 1.9231176470588234 1.7393858917091447 51.661 1.015 3.376725274725275 91
90 2.3 4.0310434782608695 3.22013247740255 51.661 0.952 3.1479166666666667 108
100 2.2 2.4048181818181815 2.3425587920508795 51.661 0.952 3.302969465648855 131
110 1.3 2.4336153846153845 2.4853402038743275 51.661 0.952 3.1738235294117647 153
120 2.4 3.18725 5.547252287168846 51.661 0.816 3.1158554216867467 166
130 2.6 2.7577307692307693 1.9844633368261304 51.661 0.816 3.1248736842105265 190
140 3.1 2.9273548387096775 2.4810764904591003 51.661 0.816 3.080680555555556 216
150 3.3 2.9624848484848476 2.7624500886341234 51.661 0.737 3.061437246963563 247
160 2.9 3.1088275862068953 3.309371875696775 51.661 0.737 3.049775 280
170 4.1 3.434000000000001 3.2653688171774897 51.661 0.737 3.0553171521035596 309
180 3.4 4.803823529411764 8.745254048946936 52.617 0.737 3.099677142857143 350
190 4.5 3.9266444444444453 2.926448109952902 52.617 0.737 3.2505651041666663 384
200 3.9 3.7063076923076923 2.853609285905745 52.617 0.737 3.3214825174825173 429
210 4.1 3.0036829268292684 2.9523512617294263 52.617 0.737 3.353551282051282 468
220 4.2 3.5605238095238083 2.8871131588994308 52.617 0.737 3.325369351669941 509
230 3.9 3.518230769230769 3.2523705316200817 52.617 0.737 3.3432940108892923 551
240 3.5 4.601542857142857 4.93118431641416 52.617 0.737 3.354857627118644 590
250 5.1 3.2312549019607855 3.0355319386742194 52.617 0.737 3.424672 625
260 5.4 2.928314814814814 2.554036042148845 52.617 0.737 3.4100798816568045 676
270 4.4 3.752636363636363 2.693735182122578 52.617 0.737 3.3744424657534244 730
280 4.8 3.662125000000001 3.0315965927282718 52.617 0.737 3.395941860465116 774
290 4.8 3.1935000000000002 2.872356066890037 52.617 0.737 3.411485401459854 822
300 1.3 4.250846153846154 3.0858315883592833 52.617 0.737 3.3994586206896553 870
310 0 0 0 52.617 0.737 3.4119932049830126 883
320 0 0 0 52.617 0.737 3.4119932049830126 883
330 0 0 0 52.617 0.737 3.4119932049830126 883
