0 0.1 2.878209022850611 0 2.878209022850611 2.878209022850611 0 0
10 0.1 0.5005005005005005 0.0 2.878209022850611 0.5005005005005005 2.878209022850611 1
20 0.1 2.3976023976023977 0.0 2.878209022850611 0.5005005005005005 1.6893547616755558 2
30 0.1 0.5015045135406219 0.0 2.878209022850611 0.5005005005005005 1.925437306984503 3
40 0.1 0.5005005005005005 0.0 2.878209022850611 0.5005005005005005 1.5694541086235327 4
50 0.1 2.3023023023023024 0.0 2.878209022850611 0.5005005005005005 1.3556633869989263 5
60 0.1 0.20020020020020018 0.0 2.878209022850611 0.20020020020020018 1.5134365395494889 6
70 0.1 0.40040040040040037 0.0 2.878209022850611 0.20020020020020018 1.3258313482138762 7
80 0.1 0.30181086519114686 0.0 2.878209022850611 0.20020020020020018 1.2101524797371916 8
90 0.1 0.4012036108324975 0.0 2.878209022850611 0.20020020020020018 1.10922563367652 9
100 0.1 2.2977022977022976 0.0 2.878209022850611 0.20020020020020018 1.038423431392118 10
110 0.1 0.6036217303822937 0.0 2.878209022850611 0.20020020020020018 1.152903328329407 11
120 0.1 0.2012072434607646 0.0 2.878209022850611 0.20020020020020018 1.1071298618338143 12
130 0.1 2.3069207622868606 0.0 2.878209022850611 0.20020020020020018 1.0374435065743488 13
140 0.1 2.4072216649949847 0.0 2.878209022850611 0.20020020020020018 1.1281204534109568 14
150 0.1 0.6024096385542169 0.0 2.878209022850611 0.20020020020020018 1.2133938675165585 15
160 0.1 0.7014028056112225 0.0 2.878209022850611 0.20020020020020018 1.1752073532064122 16
170 0.1 2.708124373119358 0.0 2.878209022850611 0.20020020020020018 1.1473364974655187 17
180 0.1 0.7035175879396985 0.0 2.878209022850611 0.20020020020020018 1.234046935001843 18
190 0.1 2.7944111776447107 0.0 2.878209022850611 0.20020020020020018 1.206124337788046 19
200 0.1 0.5050505050505051 0.0 2.878209022850611 0.20020020020020018 1.2855386797808792 20
210 0.1 2.5100401606425704 0.0 2.878209022850611 0.20020020020020018 1.24837257622229 21
220 0.1 1.6016016016016015 0.0 2.878209022850611 0.20020020020020018 1.305721102786848 22
230 0.1 1.9095477386934674 0.0 2.878209022850611 0.20020020020020018 1.318585472300533 23
240 0.1 0.8016032064128256 0.0 2.878209022850611 0.20020020020020018 1.3432089000669052 24
250 0.1 2.9145728643216082 0.0 2.9145728643216082 0.20020020020020018 1.321544672320742 25
260 0.1 0.8032128514056224 0.0 2.9145728643216082 0.20020020020020018 1.3828149873976985 26
270 0.1 1.0060362173038229 0.0 2.9145728643216082 0.20020020020020018 1.3613482416202143 27
280 0.1 2.9116465863453818 0.0 2.9145728643216082 0.20020020020020018 1.3486585264660573 28
290 0.1 1.0050251256281406 0.0 2.9145728643216082 0.20020020020020018 1.4025546664618962 29
300 0.1 1.0070493454179255 0.0 2.9145728643216082 0.20020020020020018 1.3893036817674376 30
310 0.1 0.5015045135406219 0.0 2.9145728643216082 0.20020020020020018 1.376972896723905 31
320 0.1 0.5020080321285141 0.0 2.9145728643216082 0.20020020020020018 1.3496145097494274 32
330 0.1 0.4012036108324975 0.0 2.9145728643216082 0.20020020020020018 1.3239294649730362 33
