0 0.1 3530.06640625 0 3530.06640625 3530.06640625 0 0
10 0.1 3530.2734375 0.0 3530.2734375 3530.06640625 3530.06640625 1
20 0.1 3529.04296875 0.0 3530.2734375 3529.04296875 3530.169921875 2
30 0.1 3527.86328125 0.0 3530.2734375 3527.86328125 3529.7942708333335 3
40 0.1 3527.9921875 0.0 3530.2734375 3527.86328125 3529.3115234375 4
50 0.1 3527.45703125 0.0 3530.2734375 3527.45703125 3529.04765625 5
60 0.1 3527.359375 0.0 3530.2734375 3527.359375 3528.7825520833335 6
70 0.1 3527.24609375 0.0 3530.2734375 3527.24609375 3528.5792410714284 7
80 0.1 3524.47265625 0.0 3530.2734375 3524.47265625 3528.41259765625 8
90 0.1 3523.75390625 0.0 3530.2734375 3523.75390625 3527.9748263888887 9
100 0.1 3523.171875 0.0 3530.2734375 3523.171875 3527.552734375 10
110 0.1 3523.05859375 0.0 3530.2734375 3523.05859375 3527.154474431818 11
120 0.1 3523.06640625 0.0 3530.2734375 3523.05859375 3526.8131510416665 12
130 0.1 3522.80078125 0.0 3530.2734375 3522.80078125 3526.524939903846 13
140 0.1 3518.828125 0.0 3530.2734375 3518.828125 3526.2589285714284 14
150 0.1 3516.390625 0.0 3530.2734375 3516.390625 3525.7635416666667 15
160 0.1 3515.68359375 0.0 3530.2734375 3515.68359375 3525.177734375 16
170 0.1 3510.10546875 0.0 3530.2734375 3510.10546875 3524.619255514706 17
180 0.1 3508.05078125 0.0 3530.2734375 3508.05078125 3523.812934027778 18
190 0.1 3506.84765625 0.0 3530.2734375 3506.84765625 3522.9833470394738 19
200 0.1 3502.85546875 0.0 3530.2734375 3502.85546875 3522.1765625 20
210 0.1 3500.55078125 0.0 3530.2734375 3500.55078125 3521.2565104166665 21
220 0.1 3494.04296875 0.0 3530.2734375 3494.04296875 3520.315340909091 22
230 0.1 3493.546875 0.0 3530.2734375 3493.546875 3519.1730638586955 23
240 0.1 3492.41015625 0.0 3530.2734375 3492.41015625 3518.1053059895835 24
250 0.1 3489.88671875 0.0 3530.2734375 3489.88671875 3517.0775 25
260 0.1 3489.16015625 0.0 3530.2734375 3489.16015625 3516.031700721154 26
270 0.1 3488.5390625 0.0 3530.2734375 3488.5390625 3515.0364583333335 27
280 0.1 3487.453125 0.0 3530.2734375 3487.453125 3514.0901227678573 28
290 0.1 3486.97265625 0.0 3530.2734375 3486.97265625 3513.1716056034484 29
300 0.1 3486.609375 0.0 3530.2734375 3486.609375 3512.298307291667 30
310 0.1 3486.375 0.0 3530.2734375 3486.375 3511.4696320564517 31
320 0.1 3486.140625 0.0 3530.2734375 3486.140625 3510.6854248046875 32
330 0.1 3485.90625 0.0 3530.2734375 3485.90625 3509.941642992424 33
