0 0.1 0.16015625 0 0.16015625 0.16015625 0 0
10 0.1 0.12890625 0.0 0.16015625 0.12890625 0.16015625 1
20 0.1 0.109375 0.0 0.16015625 0.109375 0.14453125 2
30 0.1 0.1015625 0.0 0.16015625 0.1015625 0.1328125 3
40 0.1 0.078125 0.0 0.16015625 0.078125 0.125 4
50 0.1 0.0703125 0.0 0.16015625 0.0703125 0.115625 5
60 0.1 0.05859375 0.0 0.16015625 0.05859375 0.10807291666666667 6
70 0.1 0.05078125 0.0 0.16015625 0.05078125 0.10100446428571429 7
80 0.1 0.0390625 0.0 0.16015625 0.0390625 0.0947265625 8
90 0.1 0.03125 0.0 0.16015625 0.03125 0.08854166666666667 9
100 0.1 0.03125 0.0 0.16015625 0.03125 0.0828125 10
110 0.1 0.01953125 0.0 0.16015625 0.01953125 0.078125 11
120 0.1 0.01953125 0.0 0.16015625 0.01953125 0.0732421875 12
130 0.1 0.01953125 0.0 0.16015625 0.01953125 0.06911057692307693 13
140 0.1 0.01171875 0.0 0.16015625 0.01171875 0.06556919642857142 14
150 0.1 0.01171875 0.0 0.16015625 0.01171875 0.06197916666666667 15
160 0.1 0.01171875 0.0 0.16015625 0.01171875 0.058837890625 16
170 0.1 0.01171875 0.0 0.16015625 0.01171875 0.05606617647058824 17
180 0.1 0.0 0.0 0.16015625 0.0 0.05360243055555555 18
190 0.1 0.0 0.0 0.16015625 0.0 0.05078125 19
200 0.1 0.0 0.0 0.16015625 0.0 0.0482421875 20
210 0.1 0.0 0.0 0.16015625 0.0 0.04594494047619048 21
220 0.1 0.0 0.0 0.16015625 0.0 0.043856534090909095 22
230 0.1 0.0 0.0 0.16015625 0.0 0.04194972826086957 23
240 0.1 0.0 0.0 0.16015625 0.0 0.040201822916666664 24
250 0.1 0.0 0.0 0.16015625 0.0 0.03859375 25
260 0.1 0.0 0.0 0.16015625 0.0 0.03710937500000001 26
270 0.1 0.0 0.0 0.16015625 0.0 0.03573495370370371 27
280 0.1 0.0 0.0 0.16015625 0.0 0.03445870535714286 28
290 0.1 0.0 0.0 0.16015625 0.0 0.03327047413793104 29
300 0.1 0.0 0.0 0.16015625 0.0 0.032161458333333344 30
310 0.1 0.0 0.0 0.16015625 0.0 0.03112399193548388 31
320 0.1 0.0 0.0 0.16015625 0.0 0.03015136718750001 32
330 0.1 0.0 0.0 0.16015625 0.0 0.029237689393939403 33
