10 0.1 112 0 112 112 0 0
20 0.1 341.0 0.0 341 112 112.0 1
30 0.1 288.0 0.0 341 112 226.5 2
40 0.1 224.0 0.0 341 112 247.0 3
50 0.1 220.0 0.0 341 112 241.25 4
60 0.1 71.0 0.0 341 71 237.0 5
70 0.1 165.0 0.0 341 71 209.33333333333334 6
80 0.1 348.0 0.0 348 71 203.0 7
90 0.1 267.0 0.0 348 71 221.125 8
100 0.1 472.0 0.0 472 71 226.22222222222223 9
110 0.1 389.0 0.0 472 71 250.8 10
120 0.1 272.0 0.0 472 71 263.3636363636364 11
130 0.1 378.0 0.0 472 71 264.0833333333333 12
140 0.1 531.0 0.0 531 71 272.84615384615387 13
150 0.1 450.0 0.0 531 71 291.28571428571433 14
160 0.1 457.0 0.0 531 71 301.86666666666673 15
170 0.1 489.0 0.0 531 71 311.56250000000006 16
180 0.1 484.0 0.0 531 71 322.00000000000006 17
190 0.1 508.0 0.0 531 71 331.00000000000006 18
200 0.1 599.0 0.0 599 71 340.3157894736843 19
210 0.1 442.0 0.0 599 71 353.25000000000006 20
220 0.1 457.0 0.0 599 71 357.47619047619054 21
230 0.1 746.0 0.0 746 71 362.00000000000006 22
240 0.1 440.0 0.0 746 71 378.69565217391306 23
250 0.1 736.0 0.0 746 71 381.25 24
260 0.1 660.0 0.0 746 71 395.44 25
270 0.1 813.0 0.0 813 71 405.61538461538464 26
280 0.1 750.0 0.0 813 71 420.7037037037037 27
290 0.1 666.0 0.0 813 71 432.4642857142857 28
300 0.1 628.0 0.0 813 71 440.51724137931035 29
310 0.1 429.0 0.0 813 71 446.76666666666665 30
320 0.1 386.0 0.0 813 71 446.19354838709677 31
330 0.1 225.0 0.0 813 71 444.3125 32
