0 1.5 135.7912 190.36571508028086 596.999 8.913 0 0
10 3.3 117.96696969696973 126.67302638073204 596.999 8.913 135.7912 15
20 7.6 433.46817105263176 406.88618404230704 1802.975 7.902 123.53704166666667 48
30 5.9 336.14408474576277 409.0795636951237 1802.975 7.902 313.49483064516136 124
40 3.1 164.99983870967742 162.64890881243937 1802.975 7.902 320.797049180328 183
50 2.6 180.15215384615388 209.5078330073553 1802.975 7.321 298.2282943925235 214
60 1.6 138.15493749999996 138.77094528956195 1802.975 7.321 285.4367125000001 240
70 8.3 882.133036144578 647.2801515969791 3106.055 7.321 276.23160156250015 256
80 6.7 287.69443283582086 310.64047139222345 3106.055 7.321 424.57915044247784 339
90 8.3 485.6626506024098 473.4977828882441 3106.055 7.321 401.9898004926108 406
100 8.7 388.73080459770125 364.3874081807835 3106.055 7.321 416.1919406952965 489
110 7 408.27397142857126 386.78932515599206 3106.055 7.321 412.04416493055555 576
120 6.2 347.74509677419337 422.84589964890745 3106.055 7.173 411.6356300309598 646
130 8.8 1250.1885795454555 992.1245432334581 4910.621 7.173 406.04069632768363 708
140 9.4 2601.541170212766 2640.8518261130585 11306.658 7.173 499.36357788944736 796
150 10.2 3480.375392156863 2971.9287875114337 11306.658 7.173 721.3913235955058 890
160 8.4 5200.7250833333355 3379.1505595630947 12817.424 7.173 1005.0771854838712 992
170 10.4 6113.601480769232 3447.4277922573137 14126.577 7.173 1332.6184711895914 1076
180 7.4 8071.1642297297285 3051.1232090747876 15056.905 7.173 1753.9932449152548 1180
190 11.9 8633.01689915967 3620.3142145847423 19409.373 7.173 2126.7768596491233 1254
200 7.7 10558.11145454545 2703.378858141211 19409.373 7.173 2690.6825877640213 1373
210 9.7 13472.47922680413 5560.000117985533 22326.246 0.705 3108.4701896551733 1450
220 13.5 13035.408162962967 6863.0169913859845 28642.682 0.525 3758.3143244990315 1547
230 11.2 11619.963714285715 8569.470080878613 28729.36 0.525 4502.908657550536 1682
240 22.5 7371.802724444445 9285.245028159921 28729.36 0.485 4947.22870568562 1794
250 15.1 15263.6693576159 9672.427181674686 28729.36 0.485 5217.426404655771 2019
260 20.4 10108.042808823511 8995.006650246412 33596.009 0.46 5916.496766820278 2170
270 23.8 6909.382352941177 9184.395884066615 33596.009 0.434 6276.680167228306 2374
280 15.7 14216.124216560504 7863.329109582238 33596.009 0.434 6334.330672664625 2612
290 22.2 5895.687968468472 8189.606497504924 33596.009 0.434 6781.221819790539 2769
300 10.9 17141.010871559625 5893.889356520891 33596.009 0.434 6715.495134737547 2991
310 12.7 15246.569866141735 7400.28519968446 33596.009 0.434 7082.069720322581 3100
320 6.3 19112.58330158729 3857.5469743701187 33596.009 0.434 7403.387203594671 3227
330 13.1 17127.875717557254 5757.7317934312905 33596.009 0.434 7627.605852279636 3290
