10 0.1 116 0 116 116 0 0
20 0.1 493.0 0.0 493 116 116.0 1
30 0.1 304.0 0.0 493 116 304.5 2
40 0.1 244.0 0.0 493 116 304.3333333333333 3
50 0.1 330.0 0.0 493 116 289.25 4
60 0.1 76.0 0.0 493 76 297.4 5
70 0.1 175.0 0.0 493 76 260.5 6
80 0.1 361.0 0.0 493 76 248.28571428571428 7
90 0.1 284.0 0.0 493 76 262.375 8
100 0.1 584.0 0.0 584 76 264.77777777777777 9
110 0.1 408.0 0.0 584 76 296.7 10
120 0.1 288.0 0.0 584 76 306.8181818181818 11
130 0.1 480.0 0.0 584 76 305.25 12
140 0.1 614.0 0.0 614 76 318.6923076923077 13
150 0.1 468.0 0.0 614 76 339.7857142857143 14
160 0.1 470.0 0.0 614 76 348.3333333333333 15
170 0.1 589.0 0.0 614 76 355.9375 16
180 0.1 514.0 0.0 614 76 369.6470588235294 17
190 0.1 616.0 0.0 616 76 377.6666666666667 18
200 0.1 627.0 0.0 627 76 390.2105263157895 19
210 0.1 549.0 0.0 627 76 402.05 20
220 0.1 492.0 0.0 627 76 409.04761904761904 21
230 0.1 860.0 0.0 860 76 412.8181818181818 22
240 0.1 483.0 0.0 860 76 432.2608695652174 23
250 0.1 916.0 0.0 916 76 434.375 24
260 0.1 722.0 0.0 916 76 453.64 25
270 0.1 941.0 0.0 941 76 463.96153846153845 26
280 0.1 969.0 0.0 969 76 481.6296296296296 27
290 0.1 726.0 0.0 969 76 499.0357142857143 28
300 0.1 764.0 0.0 969 76 506.86206896551727 29
310 0.1 419.0 0.0 969 76 515.4333333333333 30
320 0.1 396.0 0.0 969 76 512.3225806451612 31
330 0.1 230.0 0.0 969 76 508.68749999999994 32
