0 0.2 4532.7029999999995 1765.7430000000002 6298.446 2766.96 0 0
10 0.8 7249.9175 3422.776791012635 13778.461 2766.96 4532.7029999999995 2
20 1.3 5019.165923076924 2100.4126927464467 13778.461 2165.034 6706.4746 10
30 2.1 7940.40838095238 3293.008315486203 14414.268 2009.889 5752.778391304348 23
40 0.5 7250.3106 5366.967747881353 16923.375 2009.889 6796.874522727271 44
50 1.1 8292.11790909091 3690.0820793800153 16923.375 1661.052 6843.1435102040805 49
60 0.1 3610.582 0.0 16923.375 1661.052 7108.788816666666 60
70 1.8 7834.116333333334 2329.9246699817477 16923.375 1661.052 7051.441163934425 61
80 1.6 8353.837937500002 4041.6152299207747 17025.707 1661.052 7229.772215189873 79
90 1.9 7915.602421052631 4378.626459949973 20438.747 1661.052 7419.088547368421 95
100 2.3 7300.735999999999 2302.998117542076 20438.747 1661.052 7501.840859649123 114
110 2.1 6338.677000000001 1863.280806263971 20438.747 1661.052 7468.078729927007 137
120 0.9 8228.373777777777 4426.4521976334945 20438.747 1661.052 7317.9683734177215 158
130 1.3 10053.569769230768 3303.058529811707 20438.747 1661.052 7367.032137724552 167
140 1.6 16471.286812500002 1919.9120304611033 20438.747 1661.052 7561.059855555555 180
150 2.1 19703.80719047619 4898.182536006329 30839.106 1661.052 8288.42532142857 196
160 1.9 21198.50984210526 2446.1759019882275 30839.106 1661.052 9393.139695852533 217
170 2.1 25916.308857142853 3537.786881736194 33764.98 1661.052 10343.572038135591 236
180 1.7 28145.896823529416 2881.9974200316706 35592.243 1661.052 11616.05247859922 257
190 1.6 36625.08743750001 4537.8667119520205 51626.423 1661.052 12641.626762773723 274
200 1.5 36358.403999999995 2130.450344871682 51626.423 1661.052 13964.852179310346 290
210 1.8 42616.85061111112 2698.4333074183187 51626.423 1661.052 15066.174400000002 305
220 2.2 44497.89954545455 9421.896545396263 56041.789 1661.052 16601.506201238393 323
230 2.4 47855.59799999999 13517.400855787952 61312.966 1661.052 18380.406646376814 345
240 5.8 39819.82755172414 16301.04451020949 64307.528 1060.95 20297.49226287263 369
250 2.9 57036.4035862069 13084.449500090794 70245.805 1060.95 22949.238039812648 427
260 5.4 41961.741574074054 20838.352610075704 81023.143 1060.95 25117.062164473686 456
270 5.8 40273.10143103448 24260.860320441305 83770.816 1060.95 26900.616454901963 510
280 4 53512.847400000006 22443.1893714674 91667.391 1060.95 28266.11668133803 568
290 5.8 40333.331982758624 22834.330588117686 91667.391 645.859 29927.08580756579 608
300 2.5 56137.28984000001 23004.848963648023 91667.391 645.859 30833.335474474472 666
310 3.5 53183.96828571428 22241.58042487513 91667.391 645.859 31748.818628075252 691
320 2 65142.20865000001 19748.92076723343 91900.33 645.859 32782.19361157025 726
330 4.5 64769.448200000006 18279.901276235196 97255.789 645.859 33649.75433646113 746
