0 6.2109375 6.2109375
10 17.384375 23.5953125
20 35.3359375 58.93125
30 27.47421875 86.40546875
40 14.0796875 100.48515625
50 14.68046875 115.165625
60 5.78828125 120.95390625
70 39.3640625 160.31796875
80 32.93203125 193.25
90 39.98359375 233.23359375
100 38.96640625 272.2
110 36.53671875 308.73671875
120 27.85234375 336.5890625
130 50.04453125 386.63359375
140 47.146875 433.78046875
150 48.990625 482.77109375
160 48.63828125 531.409375
170 52.28984375 583.69921875
180 42.653125 626.35234375
190 67.98984375 694.3421875
200 39.10234375 733.44453125
210 42.9484375 776.39296875
220 63.0359375 839.42890625
230 63.065625 902.49453125
240 90.32890625 992.8234375
250 70.50546875 1063.32890625
260 77.44453125 1140.7734375
270 92.0859375 1232.859375
280 73.74921875 1306.60859375
290 82.2234375 1388.83203125
300 60.3859375 1449.21796875
310 53.08203125 1502.3
320 29.9765625 1532.2765625
330 42.75078125 1575.02734375
