0 19.715625 19.715625
10 43.365625 63.08125
20 95.8828125 158.9640625
30 67.8953125 226.859375
40 37.99375 264.853125
50 26.3859375 291.2390625
60 23.5171875 314.75625
70 101.0015625 415.7578125
80 82.41875 498.1765625
90 105.4640625 603.640625
100 106.659375 710.3
110 73.471875 783.771875
120 84.509375 868.28125
130 121.346875 989.628125
140 123.2515625 1112.8796875
150 133.9921875 1246.871875
160 99.6921875 1346.5640625
170 133.1921875 1479.75625
180 86.7875 1566.54375
190 179.1015625 1745.6453125
200 77.24296875 1822.88828125
210 102.18359375 1925.071875
220 179.575 2104.646875
230 102.25546875 2206.90234375
240 148.215625 2355.11796875
250 159.02265625 2514.140625
260 202.7859375 2716.9265625
270 146.47421875 2863.40078125
280 198.12890625 3061.5296875
290 136.5828125 3198.1125
300 139.734375 3337.846875
310 164.38984375 3502.23671875
320 59.64921875 3561.8859375
330 182.5390625 3744.425
