0 4.3 2.3789302325581385 7.650059748650542 51.935 0.802 0 0
10 4.3 1.5154186046511626 0.8075941944502083 51.935 0.802 2.3789302325581385 43
20 5.1 1.5441176470588236 0.7048938912516376 51.935 0.802 1.9471744186046505 86
30 5.5 1.554018181818182 0.7627790932661742 51.935 0.802 1.7971313868613135 137
40 5.2 1.321461538461539 0.2660603937757266 51.935 0.802 1.727489583333333 192
50 4.7 1.392936170212766 0.3580669974308754 51.935 0.802 1.6409590163934424 244
60 0.4 1.2782499999999999 0.1743737007120053 51.935 0.802 1.6009003436426115 291
70 0 0 0 51.935 0.802 1.5965254237288133 295
80 0 0 0 51.935 0.802 1.5965254237288133 295
90 0 0 0 51.935 0.802 1.5965254237288133 295
100 0 0 0 51.935 0.802 1.5965254237288133 295
110 0 0 0 51.935 0.802 1.5965254237288133 295
120 0 0 0 51.935 0.802 1.5965254237288133 295
130 0 0 0 51.935 0.802 1.5965254237288133 295
140 0 0 0 51.935 0.802 1.5965254237288133 295
150 0 0 0 51.935 0.802 1.5965254237288133 295
160 0 0 0 51.935 0.802 1.5965254237288133 295
170 0 0 0 51.935 0.802 1.5965254237288133 295
180 0 0 0 51.935 0.802 1.5965254237288133 295
190 0 0 0 51.935 0.802 1.5965254237288133 295
200 0 0 0 51.935 0.802 1.5965254237288133 295
210 0 0 0 51.935 0.802 1.5965254237288133 295
220 0 0 0 51.935 0.802 1.5965254237288133 295
230 0 0 0 51.935 0.802 1.5965254237288133 295
240 0 0 0 51.935 0.802 1.5965254237288133 295
250 0 0 0 51.935 0.802 1.5965254237288133 295
260 0 0 0 51.935 0.802 1.5965254237288133 295
270 0 0 0 51.935 0.802 1.5965254237288133 295
280 0 0 0 51.935 0.802 1.5965254237288133 295
290 0 0 0 51.935 0.802 1.5965254237288133 295
300 0 0 0 51.935 0.802 1.5965254237288133 295
310 0 0 0 51.935 0.802 1.5965254237288133 295
316 0 0 0 51.935 0.802 1.5965254237288133 295
