0 0.1 0.9486286960180547 0 0.9486286960180547 0.9486286960180547 0 0
10 0.1 0.5020080321285141 0.0 0.9486286960180547 0.5020080321285141 0.9486286960180547 1
20 0.1 0.7007007007007007 0.0 0.9486286960180547 0.5020080321285141 0.7253183640732843 2
30 0.1 0.8016032064128256 0.0 0.9486286960180547 0.5020080321285141 0.7171124762824231 3
40 0.1 0.6030150753768844 0.0 0.9486286960180547 0.5020080321285141 0.7382351588150238 4
50 0.1 0.7014028056112225 0.0 0.9486286960180547 0.5020080321285141 0.7111911421273959 5
60 0.1 0.4016064257028112 0.0 0.9486286960180547 0.4016064257028112 0.7095597527080336 6
70 0.1 0.4016064257028112 0.0 0.9486286960180547 0.4016064257028112 0.665566420278716 7
80 0.1 0.3003003003003003 0.0 0.9486286960180547 0.3003003003003003 0.6325714209567279 8
90 0.1 0.2004008016032064 0.0 0.9486286960180547 0.2004008016032064 0.5956524075504581 9
100 0.1 0.3003003003003003 0.0 0.9486286960180547 0.2004008016032064 0.556127246955733 10
110 0.1 0.30060120240480964 0.0 0.9486286960180547 0.2004008016032064 0.5328702518052392 11
120 0.1 0.20060180541624875 0.0 0.9486286960180547 0.2004008016032064 0.5135144976885367 12
130 0.1 0.30060120240480964 0.0 0.9486286960180547 0.2004008016032064 0.4894442905906684 13
140 0.1 0.20020020020020018 0.0 0.9486286960180547 0.20020020020020018 0.4759554985773928 14
150 0.1 0.2004008016032064 0.0 0.9486286960180547 0.20020020020020018 0.4575718120189133 15
160 0.1 0.10030090270812438 0.0 0.9486286960180547 0.10030090270812438 0.4414986238679316 16
170 0.1 0.20060180541624875 0.0 0.9486286960180547 0.10030090270812438 0.42142816968206054 17
180 0.1 0.10010010010010009 0.0 0.9486286960180547 0.10010010010010009 0.4091600383339599 18
190 0.1 0.10030090270812438 0.0 0.9486286960180547 0.10010010010010009 0.3928937257953357 19
200 0.1 0.20020020020020018 0.0 0.9486286960180547 0.10010010010010009 0.37826408464097516 20
210 0.1 0.10030090270812438 0.0 0.9486286960180547 0.10010010010010009 0.3697848520485573 21
220 0.1 0.30181086519114686 0.0 0.9486286960180547 0.10010010010010009 0.3575355816239922 22
230 0.1 0.30272452068617556 0.0 0.9486286960180547 0.10010010010010009 0.3551127678660424 23
240 0.1 0.5020080321285141 0.0 0.9486286960180547 0.10010010010010009 0.35292992423354796 24
250 0.1 0.5030181086519114 0.0 0.9486286960180547 0.10010010010010009 0.35889304854934667 25
260 0.1 0.30060120240480964 0.0 0.9486286960180547 0.10010010010010009 0.364436320091753 26
270 0.1 0.0 0.0 0.9486286960180547 0.0 0.36207205647371804 27
280 0.1 0.09980039920159679 0.0 0.9486286960180547 0.0 0.3491409115996567 28
290 0.1 0.10030090270812438 0.0 0.9486286960180547 0.0 0.3405429628962753 29
300 0.1 0.8016032064128256 0.0 0.9486286960180547 0.0 0.33253489422333693 30
310 0.1 0.9018036072144289 0.0 0.9486286960180547 0.0 0.34766613010041725 31
316 0.1 0.40040040040040037 0.0 0.9486286960180547 0.0 0.3649829262602301 32
