0 0.1 3539.30078125 0 3539.30078125 3539.30078125 0 0
10 0.1 3534.73828125 0.0 3539.30078125 3534.73828125 3539.30078125 1
20 0.1 3528.9375 0.0 3539.30078125 3528.9375 3537.01953125 2
30 0.1 3521.0390625 0.0 3539.30078125 3521.0390625 3534.3255208333335 3
40 0.1 3514.6171875 0.0 3539.30078125 3514.6171875 3531.00390625 4
50 0.1 3506.15234375 0.0 3539.30078125 3506.15234375 3527.7265625 5
60 0.1 3498.91796875 0.0 3539.30078125 3498.91796875 3524.130859375 6
70 0.1 3491.24609375 0.0 3539.30078125 3491.24609375 3520.5290178571427 7
80 0.1 3488.10546875 0.0 3539.30078125 3488.10546875 3516.86865234375 8
90 0.1 3482.54296875 0.0 3539.30078125 3482.54296875 3513.6727430555557 9
100 0.1 3477.83203125 0.0 3539.30078125 3477.83203125 3510.559765625 10
110 0.1 3472.75390625 0.0 3539.30078125 3472.75390625 3507.5845170454545 11
120 0.1 3466.54296875 0.0 3539.30078125 3466.54296875 3504.6819661458335 12
130 0.1 3461.73046875 0.0 3539.30078125 3461.73046875 3501.7481971153848 13
140 0.1 3457.9921875 0.0 3539.30078125 3457.9921875 3498.8897879464284 14
150 0.1 3453.15625 0.0 3539.30078125 3453.15625 3496.16328125 15
160 0.1 3450.7421875 0.0 3539.30078125 3450.7421875 3493.475341796875 16
170 0.1 3448.94140625 0.0 3539.30078125 3448.94140625 3490.961626838235 17
180 0.1 3447.85546875 0.0 3539.30078125 3447.85546875 3488.6271701388887 18
190 0.1 3447.24609375 0.0 3539.30078125 3447.24609375 3486.4812911184213 19
200 0.1 3446.66796875 0.0 3539.30078125 3446.66796875 3484.51953125 20
210 0.1 3445.34765625 0.0 3539.30078125 3445.34765625 3482.7170758928573 21
220 0.1 3442.578125 0.0 3539.30078125 3442.578125 3481.018465909091 22
230 0.1 3440.40625 0.0 3539.30078125 3440.40625 3479.3471467391305 23
240 0.1 3438.59765625 0.0 3539.30078125 3438.59765625 3477.724609375 24
250 0.1 3435.9453125 0.0 3539.30078125 3435.9453125 3476.15953125 25
260 0.1 3435.09765625 0.0 3539.30078125 3435.09765625 3474.612830528846 26
270 0.1 3434.6015625 0.0 3539.30078125 3434.6015625 3473.1493055555557 27
280 0.1 3434.62109375 0.0 3539.30078125 3434.6015625 3471.7726004464284 28
290 0.1 3433.79296875 0.0 3539.30078125 3433.79296875 3470.4915140086205 29
300 0.1 3428.109375 0.0 3539.30078125 3428.109375 3469.2682291666665 30
310 0.1 3439.20703125 0.0 3539.30078125 3428.109375 3467.9405241935483 31
316 0.1 3457.9453125 0.0 3539.30078125 3428.109375 3467.0426025390625 32
