0 4.9 1962.4885918367347 2002.501230866201 6228.041 7.528 0 0
10 3.4 5495.810441176471 2388.0714098659096 10110.434 7.528 1962.4885918367347 49
20 5.9 10952.781186440678 3108.302283337105 19464.981 7.528 3409.8734457831324 83
30 5 14274.322780000004 5835.71400671889 28330.189 7.528 6543.8984929577455 142
40 6.3 20924.58331746033 6311.0596711717535 36251.306 7.528 8557.029817708333 192
50 5.8 22138.7055 4927.797528789395 36251.306 7.528 11612.54303529412 255
60 7.4 25943.259 5353.701292787221 41299.759 7.528 13563.077932907352 313
70 5.2 31786.00134615384 4617.883574275896 43660.96 7.528 15930.347697674422 387
80 5.8 37457.34813793106 4780.992549205539 53768.289 7.528 17808.46612528474 439
90 4.9 41465.413612244876 3991.9573607407065 54401.94 7.528 20101.49460965795 497
100 4.3 47165.690511627894 5295.3253491149335 59668.709 7.528 22018.769391941394 546
110 4 52899.43080000001 4531.487808384372 59853.801 7.528 23854.62271646859 589
120 5.9 55703.85445762712 4122.914714938585 59959.81 7.528 25701.6693354531 629
130 4.3 57037.24234883722 2899.231916684187 59986.222 7.528 28274.531140988372 688
140 5.4 58401.54627777779 6307.23247820034 99730.113 7.528 29966.455329685363 731
150 5 56289.451559999994 11681.450439381319 99730.113 7.135 31922.499802547773 785
160 9.6 26470.325906250015 30512.755571285594 114261.174 2.425 33381.59871017964 835
170 4.2 60199.233023809524 9393.34332655025 119094.364 2.425 32668.94329752954 931
180 4.8 59468.132541666644 507.92801178374117 119094.364 2.425 33857.30112744091 973
190 3.9 61074.937487179486 9522.578026426358 119747.141 2.425 35061.33629676787 1021
200 7.3 37466.21453424658 28691.632135248517 119747.141 1.018 36018.44049150943 1060
210 21.8 12865.529119266053 24503.121564654128 119747.141 1.018 36111.72160812003 1133
220 21.2 10685.198999999999 22822.278992984026 119747.141 0.842 32360.670562546256 1351
230 24.8 11295.397592741943 23925.676156342615 119747.141 0.842 29420.683376839406 1563
240 24.2 15296.909008264463 29227.123579272433 119983.759 0.842 26938.590127553834 1811
250 9.9 30124.175595959598 38295.997144490684 119983.759 0.842 25566.312080370186 2053
260 4 46137.65452499998 36449.9351118205 119983.759 0.842 25775.990745817842 2152
270 1.5 15961.754666666666 34315.82540822689 119983.759 0.842 26147.55395346715 2192
280 1 40606.78480000001 3519.4895935507993 119983.759 0.842 26078.32559401903 2207
290 14.1 34610.96956737589 24128.549598040056 119983.759 0.842 26143.857660802885 2217
300 21.9 3854.708337899546 5200.93119708985 119983.759 0.842 26650.160790076334 2358
310 7.6 621.5451842105264 736.6251567602737 119983.759 0.842 24712.945389600307 2577
316 0.2 57.458 14.692000000000002 119983.759 0.842 24022.803506596305 2653
