10 0.1 332 0 332 332 0 0
20 0.1 292.0 0.0 332 292 332.0 1
30 0.1 384.0 0.0 384 292 312.0 2
40 0.1 355.0 0.0 384 292 336.0 3
50 0.1 427.0 0.0 427 292 340.75 4
60 0.1 331.0 0.0 427 292 358.0 5
70 0.1 258.0 0.0 427 258 353.5 6
80 0.1 207.0 0.0 427 207 339.85714285714283 7
90 0.1 194.0 0.0 427 194 323.25 8
100 0.1 196.0 0.0 427 194 308.8888888888889 9
110 0.1 154.0 0.0 427 154 297.6 10
120 0.1 165.0 0.0 427 154 284.54545454545456 11
130 0.1 166.0 0.0 427 154 274.5833333333333 12
140 0.1 131.0 0.0 427 131 266.2307692307692 13
150 0.1 150.0 0.0 427 131 256.57142857142856 14
160 0.1 133.0 0.0 427 131 249.46666666666667 15
170 0.1 163.0 0.0 427 131 242.1875 16
180 0.1 109.0 0.0 427 109 237.52941176470588 17
190 0.1 143.0 0.0 427 109 230.38888888888889 18
200 0.1 89.0 0.0 427 89 225.78947368421052 19
210 0.1 160.0 0.0 427 89 218.95 20
220 0.1 389.0 0.0 427 89 216.14285714285714 21
230 0.1 482.0 0.0 482 89 224.0 22
240 0.1 476.0 0.0 482 89 235.2173913043478 23
250 0.1 490.0 0.0 490 89 245.25 24
260 0.1 186.0 0.0 490 89 255.04 25
270 0.1 97.0 0.0 490 89 252.3846153846154 26
280 0.1 24.0 0.0 490 24 246.62962962962962 27
290 0.1 122.0 0.0 490 24 238.67857142857142 28
300 0.1 824.0 0.0 824 24 234.6551724137931 29
310 0.1 1122.0 0.0 1122 24 254.3 30
316 0.1 270.0 0.0 1122 24 282.2903225806452 31
