0 4.9 1962.4885918367347 2002.501230866201 6228.041 7.528 0 0
10 3.4 5495.810441176471 2388.0714098659096 10110.434 7.528 1962.4885918367347 49
20 5.9 10952.781186440678 3108.302283337105 19464.981 7.528 3409.8734457831324 83
30 5 14274.322780000004 5835.71400671889 28330.189 7.528 6543.8984929577455 142
40 6.3 20924.58331746033 6311.0596711717535 36251.306 7.528 8557.029817708333 192
50 5.8 22138.7055 4927.797528789395 36251.306 7.528 11612.54303529412 255
60 7.4 25943.259 5353.701292787221 41299.759 7.528 13563.077932907352 313
70 5.2 31786.00134615384 4617.883574275896 43660.96 7.528 15930.347697674422 387
80 5.9 37502.056813559335 4752.515345007149 53768.289 7.528 17808.46612528474 439
90 4.9 41465.413612244876 3991.9573607407065 54401.94 7.528 20141.64253212852 498
100 4.4 47334.29647727273 5350.288769058595 59668.709 7.528 22051.81580987203 547
110 4.1 53050.54487804878 4576.785090155033 59853.801 7.528 23934.09863451777 591
120 5.9 55703.85445762712 4122.914714938585 59959.81 7.528 25822.982014240508 632
130 4.4 57098.97904545455 2894.546877236327 59986.222 7.528 28374.31555137482 691
140 5.4 57659.04148148149 2761.7878715030647 59986.222 7.528 30093.887243537418 735
150 5 56289.451559999994 11681.450439381319 59986.222 7.135 31980.475746514574 789
160 11.7 21252.68247008549 28390.3422127953 59994.11 1.235 33429.163220500595 839
170 4.3 58807.28548837209 1895.7196684800874 59999.108 1.235 31938.945388075314 956
180 5.4 59470.09674074072 488.7152025833114 59999.108 1.235 33095.44050750751 999
190 4.7 59567.46368085109 301.2747800325556 59999.108 1.235 34447.98698100665 1053
200 9 33024.152266666664 29526.007977462803 59999.108 0.845 35521.27371272728 1100
210 31.1 9210.538109324758 21529.154588295303 59999.108 0.815 35332.415788235296 1190
220 32.7 6927.367296636085 19069.49116630312 59999.108 0.779 29920.08803464357 1501
230 39 7030.261169230772 19190.42873746538 59999.108 0.779 25807.057574398248 1828
240 36.5 9164.171591780825 21493.76561979107 59999.108 0.779 22505.456763751125 2218
250 14.5 19733.59094482759 28034.004971155424 59999.108 0.779 20620.219021680216 2583
260 5.4 37511.835703703706 28760.25925390234 59999.108 0.779 20573.09252932551 2728
270 2.3 7809.68426086956 20141.266106792526 59999.108 0.779 20901.881936736158 2782
280 1.4 40608.24278571429 3522.4621600189844 59999.108 0.779 20794.530583244203 2805
290 24.7 16814.977514170034 16037.04515151289 59999.108 0.779 20892.93142426392 2819
300 35.2 1830.779187500001 1493.2189973020197 59999.108 0.779 20564.407413894318 3066
310 11.8 317.6206610169494 412.25886421895837 59999.108 0.779 18635.139673785834 3418
316 0.4 28.668249999999997 12.331572048506223 59999.108 0.779 18023.86500084841 3536
