10 0.1 345 0 345 345 0 0
20 0.1 295.0 0.0 345 295 345.0 1
30 0.1 380.0 0.0 380 295 320.0 2
40 0.1 383.0 0.0 383 295 340.0 3
50 0.1 419.0 0.0 419 295 350.75 4
60 0.1 330.0 0.0 419 295 364.4 5
70 0.1 199.0 0.0 419 199 358.6666666666667 6
80 0.1 163.0 0.0 419 163 335.85714285714283 7
90 0.1 158.0 0.0 419 158 314.25 8
100 0.1 158.0 0.0 419 158 296.8888888888889 9
110 0.1 117.0 0.0 419 117 283.0 10
120 0.1 127.0 0.0 419 117 267.90909090909093 11
130 0.1 138.0 0.0 419 117 256.1666666666667 12
140 0.1 112.0 0.0 419 112 247.07692307692307 13
150 0.1 132.0 0.0 419 112 237.42857142857142 14
160 0.1 130.0 0.0 419 112 230.4 15
170 0.1 212.0 0.0 419 112 224.125 16
180 0.1 102.0 0.0 419 102 223.41176470588235 17
190 0.1 143.0 0.0 419 102 216.66666666666666 18
200 0.1 89.0 0.0 419 89 212.78947368421052 19
210 0.1 199.0 0.0 419 89 206.6 20
220 0.1 615.0 0.0 615 89 206.23809523809524 21
230 0.1 788.0 0.0 788 89 224.8181818181818 22
240 0.1 788.0 0.0 788 89 249.30434782608697 23
250 0.1 767.0 0.0 788 89 271.75 24
260 0.1 250.0 0.0 788 89 291.56 25
270 0.1 115.0 0.0 788 89 289.96153846153845 26
280 0.1 42.0 0.0 788 42 283.48148148148147 27
290 0.1 109.0 0.0 788 42 274.85714285714283 28
300 0.1 670.0 0.0 788 42 269.13793103448273 29
310 0.1 835.0 0.0 835 42 282.5 30
316 0.1 235.0 0.0 835 42 300.3225806451613 31
