160 0.1 138524.842 0 138524.842 138524.842 0 0
170 0 0 0 138524.842 138524.842 138524.842 1
180 0 0 0 138524.842 138524.842 138524.842 1
190 0 0 0 138524.842 138524.842 138524.842 1
200 0 0 0 138524.842 138524.842 138524.842 1
210 1.5 190651.47193333335 18659.024870458634 216682.829 138524.842 138524.842 1
220 4.2 194190.12657142853 16918.76712388019 222244.963 138524.842 187393.55756250003 16
230 4.8 197890.69516666667 16657.548087292507 229322.744 138524.842 192315.21098275858 58
240 4.6 215886.8453260869 17270.113057323895 246201.929 138524.842 194839.95853773583 106
250 1.7 221321.2203529412 16921.687183295675 248664.925 138524.842 201209.411118421 152
260 0.1 215219.897 0.0 248664.925 138524.842 203232.49252071002 169
270 0.2 227125.8815 3315.0734999999986 248664.925 138524.842 203303.00666470584 170
280 0.2 240898.45750000002 2059.5534999999873 248664.925 138524.842 203580.01683720926 172
290 1.4 262831.4305 15851.467653972855 290464.898 138524.842 204008.96443103443 174
300 4.2 282232.1309285714 17193.810888908196 305156.902 138524.842 208389.36084042548 188
310 6.1 282413.4681639344 14487.640911525614 315481.012 138524.842 221873.69276956518 230
316 0.4 300160.457 15756.095616257027 315481.012 138524.842 234564.1611512027 291
