0 23.5890625 23.5890625
10 32.5515625 56.140625
20 32.26640625 88.40703125
30 43.02109375 131.428125
40 35.828125 167.25625
50 41.80625 209.0625
60 42.61796875 251.68046875
70 32.1 283.78046875
80 34.74140625 318.521875
90 26.31328125 344.83515625
100 28.84140625 373.6765625
110 27 400.6765625
120 33.7875 434.4640625
130 27.7859375 462.25
140 29.3203125 491.5703125
150 35.2078125 526.778125
160 59.20234375 585.98046875
170 23.6078125 609.58828125
180 26.38359375 635.971875
190 23.125 659.096875
200 35.06328125 694.16015625
210 125.73359375 819.89375
220 132.0703125 951.9640625
230 161.0203125 1112.984375
240 149.909375 1262.89375
250 71.5203125 1334.4140625
260 26.7453125 1361.159375
270 11.56328125 1372.72265625
280 2.2328125 1374.95546875
290 94.70546875 1469.6609375
300 134.7765625 1604.4375
310 42.6734375 1647.1109375
316 1.5765625 1648.6875
