0 126.9078125 126.9078125
10 97.61171875 224.51953125
20 165.9921875 390.51171875
30 123.5515625 514.06328125
40 146.8234375 660.88671875
50 143.26484375 804.1515625
60 193.4828125 997.634375
70 130.896875 1128.53125
80 154.9953125 1283.5265625
90 123.0328125 1406.559375
100 107.39296875 1513.95234375
110 95.0984375 1609.05078125
120 103.6890625 1712.73984375
130 68.78515625 1781.525
140 71.31875 1852.84375
150 29.315625 1882.159375
160 30.85546875 1913.01484375
170 24.971875 1937.98671875
180 6.36875 1944.35546875
190 2.75390625 1947.109375
200 13.2421875 1960.3515625
210 70.6171875 2030.96875
220 76.734375 2107.703125
230 91.3828125 2199.0859375
240 82.9453125 2282.03125
250 27.8203125 2309.8515625
260 7.1484375 2317
270 5.33203125 2322.33203125
280 24.5515625 2346.88359375
290 400.6203125 2747.50390625
300 614.64765625 3362.1515625
310 222.428125 3584.5796875
316 8.3078125 3592.8875
