0 4 2.406525000000001 2.370426332830236 8.413 0.867 0 0
10 4.8 4.549375 3.3876238699677095 11.982 0.827 2.406525000000001 40
20 5.7 3.7158070175438582 3.2443513905269135 11.982 0.827 3.5753522727272737 88
30 4.2 2.7160952380952375 1.999437763943176 11.982 0.825 3.6305655172413793 145
40 5.4 4.230277777777777 3.6777120575699045 13.258 0.754 3.4251764705882355 187
50 5.3 4.403773584905659 3.724580648252898 13.258 0.754 3.6055726141078837 241
60 0.6 1.5433333333333332 1.1107911094750846 13.258 0.754 3.7494659863945574 294
70 0 0 0 13.258 0.754 3.705343333333333 300
80 0 0 0 13.258 0.754 3.705343333333333 300
90 0 0 0 13.258 0.754 3.705343333333333 300
100 0 0 0 13.258 0.754 3.705343333333333 300
110 0 0 0 13.258 0.754 3.705343333333333 300
111 0 0 0 13.258 0.754 3.705343333333333 300
