0 0.1 0.2500632104226346 0 0.2500632104226346 0.2500632104226346 0 0
10 0.1 0.5030181086519114 0.0 0.5030181086519114 0.2500632104226346 0.2500632104226346 1
20 0.1 0.6036217303822937 0.0 0.6036217303822937 0.2500632104226346 0.376540659537273 2
30 0.1 0.5035246727089627 0.0 0.6036217303822937 0.2500632104226346 0.45223434981894656 3
40 0.1 0.5040322580645161 0.0 0.6036217303822937 0.2500632104226346 0.4650569305414506 4
50 0.1 0.8048289738430584 0.0 0.8048289738430584 0.2500632104226346 0.47285199604606365 5
60 0.1 0.7070707070707071 0.0 0.8048289738430584 0.2500632104226346 0.5281814923455628 6
70 0.1 0.6054490413723511 0.0 0.8048289738430584 0.2500632104226346 0.5537370944491549 7
80 0.1 0.8064516129032258 0.0 0.8064516129032258 0.2500632104226346 0.5602010878145544 8
90 0.1 1.2060301507537687 0.0 1.2060301507537687 0.2500632104226346 0.5875622572688513 9
100 0.1 1.6112789526686808 0.0 1.6112789526686808 0.2500632104226346 0.649409046617343 10
110 0.1 0.6006006006006006 0.0 1.6112789526686808 0.2500632104226346 0.7368517653492828 11
111 0.1 0.0 0.0 1.6112789526686808 0.0 0.725497501620226 12
