0 0.1 3539.91015625 0 3539.91015625 3539.91015625 0 0
10 0.1 3535.20703125 0.0 3539.91015625 3535.20703125 3539.91015625 1
20 0.1 3525.58984375 0.0 3539.91015625 3525.58984375 3537.55859375 2
30 0.1 3514.5546875 0.0 3539.91015625 3514.5546875 3533.5690104166665 3
40 0.1 3501.921875 0.0 3539.91015625 3501.921875 3528.8154296875 4
50 0.1 3497.42578125 0.0 3539.91015625 3497.42578125 3523.43671875 5
60 0.1 3493.69921875 0.0 3539.91015625 3493.69921875 3519.1015625 6
70 0.1 3484.3828125 0.0 3539.91015625 3484.3828125 3515.47265625 7
80 0.1 3481.125 0.0 3539.91015625 3481.125 3511.58642578125 8
90 0.1 3478.46875 0.0 3539.91015625 3478.46875 3508.2018229166665 9
100 0.1 3479.38671875 0.0 3539.91015625 3478.46875 3505.228515625 10
110 0.1 3494.2734375 0.0 3539.91015625 3478.46875 3502.8792613636365 11
111 0.1 3495.1796875 0.0 3539.91015625 3478.46875 3502.162109375 12
