0 7.7 410.6061688311687 509.99417658489386 2356.121 5.886 0 0
10 10.9 2362.2803577981667 1484.2745381681161 7187.078 5.886 410.6061688311687 77
20 13.3 4584.201090225565 1591.6459572677509 12964.849 5.886 1554.3292150537643 186
30 14.9 6427.014838926176 1990.1468987876917 17724.613 5.886 2817.567332288402 319
40 20.8 6581.322884615385 4935.523639868982 21123.093 0.513 3966.7290384615394 468
50 37.7 5044.013294429704 6340.265778228214 24801.943 0.506 4771.219452662723 676
60 31.5 5274.1855079365 6564.713898229204 25506.858 0.505 4868.886383665716 1053
70 41.8 5544.435473684213 6355.518719751826 26557.547 0.483 4962.211839912278 1368
80 31.6 7324.915696202533 5572.691390079962 26557.547 0.483 5098.476945688688 1786
90 49.4 1996.1198319838031 2153.3877862136083 26557.547 0.483 5433.1841983824925 2102
100 10.2 22.79105882352941 22.3998547132121 26557.547 0.483 4779.135740369798 2596
110 0.2 15.0455 2.4455000000000005 26557.547 0.483 4599.318409933283 2698
111 0 0 0 26557.547 0.483 4595.922652222221 2700
