0 7.7 410.6061688311687 509.99417658489386 2356.121 5.886 0 0
10 11.1 2425.3188738738754 1558.0125978650958 7483.755 5.886 410.6061688311687 77
20 13.7 4510.785131386861 1243.4181157982077 7483.755 5.886 1600.143989361703 188
30 16.3 6404.754852760737 1438.64721896249 10258.75 5.886 2827.091178461539 325
40 24 5875.168383333335 4490.1492919729435 12745.567 0.488 4022.08949590164 488
50 45.7 4049.618908096282 5506.965621369031 14473.529 0.473 4632.994623626375 728
60 38.5 4622.040618181815 5889.404390222638 16134.225 0.45 4408.013440506331 1185
70 59.2 4206.610103040542 5418.940536046733 16134.225 0.45 4460.497812101912 1570
80 50.5 4424.039190099011 2870.754729718758 16134.225 0.45 4390.978143385755 2162
90 75.6 898.3011693121707 738.5432097210604 16134.225 0.45 4397.238296587928 2667
100 17.4 13.318505747126443 14.470342578198581 16134.225 0.45 3624.4669065147546 3423
110 0.3 9.994333333333334 6.129457253478665 16134.225 0.45 3449.7824968028926 3597
111 0 0 0 16134.225 0.45 3446.9160066666677 3600
