0 4.9 2.1942244897959187 7.066442915655413 51.002 0.832 0 0
10 4.9 1.0249387755102046 0.5270613335398322 51.002 0.77 2.1942244897959187 49
20 4.5 0.9563555555555557 0.12849594123387806 51.002 0.77 1.6095816326530616 98
30 5.7 1.1217894736842111 0.5251186912396061 51.002 0.77 1.4040209790209792 143
40 4.8 1.1917291666666665 1.0413614434076057 51.002 0.77 1.3235850000000005 200
50 4.2 1.0770952380952379 0.5813631685847049 51.002 0.722 1.2980645161290325 248
60 1 5.3665 13.310725639498397 51.002 0.722 1.2660620689655175 290
70 0 0 0 51.002 0.722 1.4027433333333337 300
80 0 0 0 51.002 0.722 1.4027433333333337 300
87 0 0 0 51.002 0.722 1.4027433333333337 300
