0 0.1 2.3606858542559706 0 2.3606858542559706 2.3606858542559706 0 0
10 0.1 0.7028112449799196 0.0 2.3606858542559706 0.7028112449799196 2.3606858542559706 1
20 0.1 1.0050251256281406 0.0 2.3606858542559706 0.7028112449799196 1.531748549617945 2
30 0.1 1.0070493454179255 0.0 2.3606858542559706 0.7028112449799196 1.3561740749546771 3
40 0.1 0.9090909090909091 0.0 2.3606858542559706 0.7028112449799196 1.2688928925704892 4
50 0.1 1.0080645161290323 0.0 2.3606858542559706 0.7028112449799196 1.1969324958745733 5
60 0.1 1.2048192771084338 0.0 2.3606858542559706 0.7028112449799196 1.1654544992503164 6
70 0.1 0.7021063189568706 0.0 2.3606858542559706 0.7021063189568706 1.1710780389443334 7
80 0.1 0.30060120240480964 0.0 2.3606858542559706 0.30060120240480964 1.1124565739459005 8
87 0.1 0.1 0.0 2.3606858542559706 0.1 1.022250421552446 9
