0 0.1 3539.5390625 0 3539.5390625 3539.5390625 0 0
10 0.1 3533.6640625 0.0 3539.5390625 3533.6640625 3539.5390625 1
20 0.1 3524.99609375 0.0 3539.5390625 3524.99609375 3536.6015625 2
30 0.1 3520.21484375 0.0 3539.5390625 3520.21484375 3532.7330729166665 3
40 0.1 3518.3515625 0.0 3539.5390625 3518.3515625 3529.603515625 4
50 0.1 3516.89453125 0.0 3539.5390625 3516.89453125 3527.353125 5
60 0.1 3516.14453125 0.0 3539.5390625 3516.14453125 3525.6100260416665 6
70 0.1 3522.8046875 0.0 3539.5390625 3516.14453125 3524.2578125 7
80 0.1 3522.9296875 0.0 3539.5390625 3516.14453125 3524.076171875 8
87 0.1 3522.81640625 0.0 3539.5390625 3516.14453125 3523.948784722222 9
