0 0.1 0.05859375 0 0.05859375 0.05859375 0 0
10 0.1 0.05078125 0.0 0.05859375 0.05078125 0.05859375 1
20 0.1 0.0390625 0.0 0.05859375 0.0390625 0.0546875 2
30 0.1 0.109375 0.0 0.109375 0.0390625 0.049479166666666664 3
40 0.1 0.08984375 0.0 0.109375 0.0390625 0.064453125 4
50 0.1 0.078125 0.0 0.109375 0.0390625 0.06953125 5
60 0.1 0.0703125 0.0 0.109375 0.0390625 0.07096354166666667 6
70 0.1 0.05859375 0.0 0.109375 0.0390625 0.07087053571428571 7
80 0.1 0.05078125 0.0 0.109375 0.0390625 0.0693359375 8
87 0.1 0.0390625 0.0 0.109375 0.0390625 0.06727430555555555 9
