0 14.6 29.518171232876707 48.84040465980696 353.714 1.06 0 0
10 37.7 35.93355968169762 68.28465245514676 672.591 1.048 29.518171232876707 146
20 42 27.134578571428595 32.90597868250312 672.591 1.042 34.14264818355641 523
30 43.2 30.336273148148127 40.30246692304079 672.591 0.937 31.02134464475081 943
40 47.4 29.36687552742618 39.087897188941795 672.591 0.937 30.806107636363638 1375
50 43.3 25.10208545034641 29.418568134514583 672.591 0.882 30.43715359653868 1849
60 30.7 29.43888599348534 34.8982306858103 672.591 0.882 29.42484662576688 2282
70 9.4 28.56358510638298 27.816952405999658 672.591 0.882 29.426511394360762 2589
80 1.5 19.453933333333335 14.392110076782423 672.591 0.882 29.39627841967947 2683
87 0.2 26.743 21.8 672.591 0.882 29.341002223869534 2698
