0 15.7 27.443866242038222 47.20653312366157 353.714 1.06 0 0
10 46.3 29.245060475162017 61.362270552490436 672.591 0.854 27.443866242038222 157
20 56.4 20.187445035460993 28.442954819622596 672.591 0.838 28.78895161290325 620
30 57.4 22.829078397212545 35.017917883237004 672.591 0.838 24.691612331081092 1184
40 62.2 22.358491961414824 34.455882358768825 672.591 0.808 24.08348122866895 1758
50 59.4 18.262402356902378 25.45643657100624 672.591 0.808 23.632664705882366 2380
60 44.6 20.240320627802692 29.087857150424036 672.591 0.802 22.56005682582382 2974
70 15.2 17.63327631578948 21.179141776384043 672.591 0.802 22.25754152046785 3420
80 2.5 11.63404 10.180515116554762 672.591 0.802 22.060764277715577 3572
87 0.3 17.79133333333333 9.403951450793912 672.591 0.802 21.988296080066736 3597
