0 0.6 7.045166666666664 10.363226225725054 30.054 1.718 0 0
10 0.5 2.4097999999999997 1.0773445873999645 30.054 1.632 7.045166666666664 6
20 1.3 3.2611538461538463 2.320654279297903 30.054 1.632 4.938181818181817 11
30 1.6 2.8696249999999996 2.3729590934896034 30.054 1.562 4.029791666666666 24
40 1.5 2.4730666666666674 1.1084203454566421 30.054 1.455 3.5657249999999996 40
50 0.5 3.8689999999999998 4.263314063026555 30.054 1.455 3.2677272727272726 55
60 1.7 4.200882352941176 4.096259037683803 30.054 1.316 3.317833333333333 60
70 1.8 3.7750000000000004 2.7736204178333814 30.054 1.316 3.512792207792208 77
80 2 3.9298 3.1476213654123013 30.054 1.316 3.5624736842105262 95
90 2.5 3.7640800000000003 3.09275768103484 30.054 1.316 3.6263565217391305 115
100 2 2.498049999999999 1.461819943597706 30.054 1.316 3.6509500000000004 140
110 2 4.583850000000002 3.2150016683510447 30.054 1.316 3.5068375000000005 160
120 2.9 4.238620689655174 4.5557001839968 30.054 1.316 3.626505555555556 180
130 2.7 3.7982222222222224 2.988431402410566 30.054 1.316 3.7114401913875605 209
140 3.5 3.4934857142857147 2.713804713170144 30.054 1.316 3.7213686440677973 236
150 2.9 3.2601379310344822 2.5479776662819438 30.054 1.316 3.6919372693726946 271
160 3.1 4.408032258064517 2.6748899221713054 30.054 1.316 3.6501966666666674 300
170 2.9 3.9528620689655174 3.0138737328439547 30.054 1.316 3.7211722054380676 331
180 2.7 4.1483333333333325 5.103959857034754 30.054 1.316 3.7398361111111122 360
190 3.6 3.667444444444444 2.8319366306905445 30.054 1.316 3.7683359173126623 387
200 4.2 4.085809523809524 2.90564660649124 30.054 1.316 3.7597494089834522 423
210 3.2 3.433249999999999 2.197344249315523 30.054 1.316 3.7892000000000006 465
220 4.7 3.8598297872340397 2.5813415143256044 30.054 1.316 3.7662816901408456 497
230 4.3 3.6517209302325595 3.235267411582178 30.054 1.316 3.774363970588236 544
240 4.9 3.8721632653061215 4.270304497803018 30.054 1.316 3.76537989778535 587
250 5.2 23.586115384615383 139.63159353271985 1020.471 1.316 3.7736069182389937 636
260 6.4 3.59765625 3.1678497745846377 1020.471 1.316 5.2710639534883725 688
270 6.5 4.136184615384618 2.8233454127618383 1020.471 1.316 5.128646276595745 752
280 5.8 4.359017241379308 3.2860783539012877 1020.471 1.316 5.049686658506732 817
290 2.1 3.926095238095237 2.632733920412697 1020.471 1.316 5.003905142857143 875
300 0 0 0 1020.471 1.316 4.978643973214285 896
310 0 0 0 1020.471 1.316 4.978643973214285 896
320 0 0 0 1020.471 1.316 4.978643973214285 896
330 0 0 0 1020.471 1.316 4.978643973214285 896
340 0 0 0 1020.471 1.316 4.978643973214285 896
343 0 0 0 1020.471 1.316 4.978643973214285 896
