0 0.1 2.789588465098765 0 2.789588465098765 2.789588465098765 0 0
10 0.1 2.404809619238477 0.0 2.789588465098765 2.404809619238477 2.789588465098765 1
20 0.1 0.20020020020020018 0.0 2.789588465098765 0.20020020020020018 2.5971990421686213 2
30 0.1 0.6 0.0 2.789588465098765 0.20020020020020018 1.7981994281791476 3
40 0.1 0.4020100502512563 0.0 2.789588465098765 0.20020020020020018 1.4986495711343606 4
50 0.1 0.5025125628140703 0.0 2.789588465098765 0.20020020020020018 1.2793216669577396 5
60 0.1 0.6 0.0 2.789588465098765 0.20020020020020018 1.1498534829337947 6
70 0.1 2.1105527638190953 0.0 2.789588465098765 0.20020020020020018 1.0713029853718241 7
80 0.1 0.9018036072144289 0.0 2.789588465098765 0.20020020020020018 1.201209207677733 8
90 0.1 1.0030090270812437 0.0 2.789588465098765 0.20020020020020018 1.1679419187373659 9
100 0.1 2.80561122244489 0.0 2.80561122244489 0.20020020020020018 1.1514486295717536 10
110 0.1 1.2048192771084338 0.0 2.80561122244489 0.20020020020020018 1.301827047105675 11
120 0.1 1.001001001001001 0.0 2.80561122244489 0.20020020020020018 1.2937430662725717 12
130 0.1 1.105527638190955 0.0 2.80561122244489 0.20020020020020018 1.2712244458670663 13
140 0.1 2.0120724346076457 0.0 2.80561122244489 0.20020020020020018 1.2593889596044872 14
150 0.1 1.6096579476861168 0.0 2.80561122244489 0.20020020020020018 1.309567857938031 15
160 0.1 1.105527638190955 0.0 2.80561122244489 0.20020020020020018 1.3283234885472863 16
170 0.1 1.104417670682731 0.0 2.80561122244489 0.20020020020020018 1.3152178502910317 17
180 0.1 3.6036036036036037 0.0 3.6036036036036037 0.20020020020020018 1.3035067292016818 18
190 0.1 1.103309929789368 0.0 3.6036036036036037 0.20020020020020018 1.424564459433362 19
200 0.1 1.2084592145015105 0.0 3.6036036036036037 0.20020020020020018 1.4085017329511622 20
210 0.1 1.6112789526686808 0.0 3.6036036036036037 0.20020020020020018 1.398975898739274 21
220 0.1 1.5060240963855422 0.0 3.6036036036036037 0.20020020020020018 1.408626037554247 22
230 0.1 1.2048192771084338 0.0 3.6036036036036037 0.20020020020020018 1.4128607357643033 23
240 0.1 1.5090543259557343 0.0 3.6036036036036037 0.20020020020020018 1.4041923416536422 24
250 0.1 2.0161290322580645 0.0 3.6036036036036037 0.20020020020020018 1.408386821025726 25
260 0.1 1.2133468149646107 0.0 3.6036036036036037 0.20020020020020018 1.4317615214577388 26
270 0.1 1.314459049544995 0.0 3.6036036036036037 0.20020020020020018 1.4236720878839193 27
280 0.1 1.6177957532861478 0.0 3.6036036036036037 0.20020020020020018 1.4197716222289576 28
290 0.1 2.320887991927346 0.0 3.6036036036036037 0.20020020020020018 1.4266000405412744 29
300 0.1 1.310483870967742 0.0 3.6036036036036037 0.20020020020020018 1.45640963892081 30
310 0.1 1.4056224899598393 0.0 3.6036036036036037 0.20020020020020018 1.4517023560836144 31
320 0.1 1.694915254237288 0.0 3.6036036036036037 0.20020020020020018 1.4502623602672464 32
330 0.1 1.3039117352056169 0.0 3.6036036036036037 0.20020020020020018 1.4576760843269447 33
340 0.1 1.9057171514543632 0.0 3.6036036036036037 0.20020020020020018 1.453153603470435 34
343 0.1 1.507537688442211 0.0 3.6036036036036037 0.20020020020020018 1.4660839905556902 35
