0 0.1 3534.76171875 0 3534.76171875 3534.76171875 0 0
10 0.1 3533.30859375 0.0 3534.76171875 3533.30859375 3534.76171875 1
20 0.1 3533.07421875 0.0 3534.76171875 3533.07421875 3534.03515625 2
30 0.1 3532.9609375 0.0 3534.76171875 3532.9609375 3533.71484375 3
40 0.1 3532.0 0.0 3534.76171875 3532.0 3533.5263671875 4
50 0.1 3530.80078125 0.0 3534.76171875 3530.80078125 3533.22109375 5
60 0.1 3530.80859375 0.0 3534.76171875 3530.80078125 3532.8177083333335 6
70 0.1 3530.0703125 0.0 3534.76171875 3530.0703125 3532.530691964286 7
80 0.1 3528.41015625 0.0 3534.76171875 3528.41015625 3532.22314453125 8
90 0.1 3528.17578125 0.0 3534.76171875 3528.17578125 3531.7994791666665 9
100 0.1 3527.6484375 0.0 3534.76171875 3527.6484375 3531.437109375 10
110 0.1 3522.95703125 0.0 3534.76171875 3522.95703125 3531.092684659091 11
120 0.1 3520.53515625 0.0 3534.76171875 3520.53515625 3530.4147135416665 12
130 0.1 3519.69921875 0.0 3534.76171875 3519.69921875 3529.654747596154 13
140 0.1 3519.265625 0.0 3534.76171875 3519.265625 3528.9436383928573 14
150 0.1 3517.00390625 0.0 3534.76171875 3517.00390625 3528.2984375 15
160 0.1 3512.16015625 0.0 3534.76171875 3512.16015625 3527.592529296875 16
170 0.1 3511.64453125 0.0 3534.76171875 3511.64453125 3526.684742647059 17
180 0.1 3510.52734375 0.0 3534.76171875 3510.52734375 3525.849175347222 18
190 0.1 3508.8046875 0.0 3534.76171875 3508.8046875 3525.0427631578946 19
200 0.1 3505.96484375 0.0 3534.76171875 3505.96484375 3524.230859375 20
210 0.1 3501.828125 0.0 3534.76171875 3501.828125 3523.3610491071427 21
220 0.1 3500.5859375 0.0 3534.76171875 3500.5859375 3522.3822798295455 22
230 0.1 3500.0546875 0.0 3534.76171875 3500.0546875 3521.434612771739 23
240 0.1 3499.6640625 0.0 3534.76171875 3499.6640625 3520.5437825520835 24
250 0.1 3492.82421875 0.0 3534.76171875 3492.82421875 3519.70859375 25
260 0.1 3491.5 0.0 3534.76171875 3491.5 3518.674579326923 26
270 0.1 3490.46875 0.0 3534.76171875 3490.46875 3517.668113425926 27
280 0.1 3489.9609375 0.0 3534.76171875 3489.9609375 3516.696707589286 28
290 0.1 3488.97265625 0.0 3534.76171875 3488.97265625 3515.7747844827586 29
300 0.1 3488.73046875 0.0 3534.76171875 3488.73046875 3514.881380208333 30
310 0.1 3487.421875 0.0 3534.76171875 3487.421875 3514.0378024193546 31
320 0.1 3487.06640625 0.0 3534.76171875 3487.06640625 3513.2060546875 32
330 0.1 3486.96484375 0.0 3534.76171875 3486.96484375 3512.413944128788 33
340 0.1 3486.51953125 0.0 3534.76171875 3486.51953125 3511.6654411764707 34
343 0.1 3494.59375 0.0 3534.76171875 3486.51953125 3510.9469866071427 35
