0 0.1 0.0 0 0.0 0.0 0 0
10 0.1 0.0 0.0 0.0 0.0 0.0 1
20 0.1 0.0 0.0 0.0 0.0 0.0 2
30 0.1 0.0 0.0 0.0 0.0 0.0 3
40 0.1 0.0 0.0 0.0 0.0 0.0 4
50 0.1 0.0 0.0 0.0 0.0 0.0 5
60 0.1 0.0 0.0 0.0 0.0 0.0 6
70 0.1 0.0 0.0 0.0 0.0 0.0 7
80 0.1 0.0 0.0 0.0 0.0 0.0 8
90 0.1 0.0 0.0 0.0 0.0 0.0 9
100 0.1 0.0 0.0 0.0 0.0 0.0 10
110 0.1 0.0 0.0 0.0 0.0 0.0 11
120 0.1 0.0 0.0 0.0 0.0 0.0 12
130 0.1 0.078125 0.0 0.078125 0.0 0.0 13
140 0.1 0.0703125 0.0 0.078125 0.0 0.005580357142857143 14
150 0.1 0.05859375 0.0 0.078125 0.0 0.009895833333333333 15
160 0.1 0.05078125 0.0 0.078125 0.0 0.012939453125 16
170 0.1 0.0390625 0.0 0.078125 0.0 0.015165441176470588 17
180 0.1 0.109375 0.0 0.109375 0.0 0.016493055555555556 18
190 0.1 0.08984375 0.0 0.109375 0.0 0.02138157894736842 19
200 0.1 0.078125 0.0 0.109375 0.0 0.0248046875 20
210 0.1 0.05859375 0.0 0.109375 0.0 0.02734375 21
220 0.1 0.05078125 0.0 0.109375 0.0 0.028764204545454544 22
230 0.1 0.0390625 0.0 0.109375 0.0 0.029721467391304348 23
240 0.1 0.0390625 0.0 0.109375 0.0 0.030110677083333332 24
250 0.1 0.03125 0.0 0.109375 0.0 0.03046875 25
260 0.1 0.03125 0.0 0.109375 0.0 0.030498798076923076 26
270 0.1 0.01953125 0.0 0.109375 0.0 0.03052662037037037 27
280 0.1 0.01953125 0.0 0.109375 0.0 0.030133928571428572 28
290 0.1 0.01171875 0.0 0.109375 0.0 0.02976831896551724 29
300 0.1 0.01171875 0.0 0.109375 0.0 0.029166666666666667 30
310 0.1 0.01171875 0.0 0.109375 0.0 0.02860383064516129 31
320 0.1 0.01171875 0.0 0.109375 0.0 0.028076171875 32
330 0.1 0.01171875 0.0 0.109375 0.0 0.027580492424242424 33
340 0.1 0.0 0.0 0.109375 0.0 0.027113970588235295 34
343 0.1 0.0 0.0 0.109375 0.0 0.026339285714285714 35
