10 0.1 468 0 468 468 0 0
20 0.1 415.0 0.0 468 415 468.0 1
30 0.1 568.0 0.0 568 415 441.5 2
40 0.1 1150.0 0.0 1150 415 483.6666666666667 3
50 0.1 1349.0 0.0 1349 415 650.25 4
60 0.1 780.0 0.0 1349 415 790.0 5
70 0.1 1071.0 0.0 1349 415 788.3333333333334 6
80 0.1 2070.0 0.0 2070 415 828.7142857142857 7
90 0.1 1994.0 0.0 2070 415 983.875 8
100 0.1 1811.0 0.0 2070 415 1096.111111111111 9
110 0.1 3025.0 0.0 3025 415 1167.6 10
120 0.1 2017.0 0.0 3025 415 1336.4545454545455 11
130 0.1 2744.0 0.0 3025 415 1393.1666666666667 12
140 0.1 1787.0 0.0 3025 415 1497.076923076923 13
150 0.1 3390.0 0.0 3390 415 1517.7857142857142 14
160 0.1 2510.0 0.0 3390 415 1642.6 15
170 0.1 2618.0 0.0 3390 415 1696.8125 16
180 0.1 3590.0 0.0 3590 415 1751.0 17
190 0.1 2747.0 0.0 3590 415 1853.1666666666667 18
200 0.1 3366.0 0.0 3590 415 1900.2105263157894 19
210 0.1 4378.0 0.0 4378 415 1973.5 20
220 0.1 2885.0 0.0 4378 415 2088.0 21
230 0.1 1872.0 0.0 4378 415 2124.2272727272725 22
240 0.1 3834.0 0.0 4378 415 2113.260869565217 23
250 0.1 4676.0 0.0 4676 415 2184.958333333333 24
260 0.1 3664.0 0.0 4676 415 2284.6 25
270 0.1 3399.0 0.0 4676 415 2337.653846153846 26
280 0.1 4156.0 0.0 4676 415 2376.962962962963 27
290 0.1 4878.0 0.0 4878 415 2440.5 28
300 0.1 4063.0 0.0 4878 415 2524.551724137931 29
310 0.1 4130.0 0.0 4878 415 2575.8333333333335 30
320 0.1 3821.0 0.0 4878 415 2625.967741935484 31
330 0.1 3662.0 0.0 4878 415 2663.3125 32
340 0.1 7473.0 0.0 7473 415 2693.5757575757575 33
343 0.1 5043.0 0.0 7473 415 2834.1470588235293 34
