0 1.7 130.14123529411768 175.23284878849876 589.617 8.966 0 0
10 2.4 182.01908333333327 179.6210376595952 640.727 8.596 130.14123529411768 17
20 3.6 209.87858333333335 227.5388486274102 924.461 8.596 160.50875609756096 41
30 4.9 270.2475510204082 297.71659670532046 1180.746 8.596 183.59075324675325 77
40 6.3 322.142365079365 318.9849769089896 1220.765 8.594 217.29061904761906 126
50 4.1 351.563219512195 361.8707216491191 1549.191 8.594 252.24120105820106 189
60 4.3 356.1135813953488 356.2284948100243 1553.758 8.28 269.9464304347826 230
70 7.6 914.7206447368422 590.0518971848935 2419.461 8.044 283.51854578754575 273
80 7.6 505.78068421052615 457.6109378116389 2741.066 8.044 420.97229799426935 349
90 7.4 779.4345945945945 683.5611888701644 3124.822 8.044 436.13803294117645 425
100 7.7 2374.1910909090925 1368.0132108056407 4862.718 8.044 487.04774348697396 499
110 8.2 1782.0873414634136 1073.4025292342424 4862.718 8.044 739.3221145833336 576
120 8.4 2287.8106785714276 1688.2099590187527 5456.506 8.044 869.2715805471125 658
130 7.8 3661.1433076923063 2091.338987334003 6619.437 8.044 1029.8609123989218 742
140 9.5 4804.5620315789465 2083.632359563302 9279.999 8.044 1280.1536280487803 820
150 8.3 6656.02334939759 2082.393826307769 9735.081 8.044 1646.0758120218577 915
160 8.5 7740.486505882353 2185.6577223773415 10705.408 8.044 2062.734775551102 998
170 8.9 8891.15274157303 2178.5127271473275 12310.512 8.044 2508.3570258541085 1083
180 8.5 10974.445376470596 2241.750308343537 15352.001 8.044 2993.0573831058014 1172
190 8.6 11523.393093023262 2147.881560879932 15958.029 8.044 3532.76937947494 1257
200 8.8 12342.612965909084 2263.294121877694 15958.029 8.044 4044.454889054356 1343
210 10.9 12610.794715596336 3643.7956115550974 17294.958 1.104 4554.753918238994 1431
220 8.6 15271.12904651163 1951.4457493666002 19226.086 1.104 5124.954208441559 1540
230 13.7 10384.860941605843 9025.962230987623 21508.259 0.905 5661.59076199262 1626
240 26.1 7646.021007662839 9671.070342873087 25361.671 0.905 6028.6287736812255 1763
250 15.5 10708.171851612908 10344.850189445495 25361.671 0.905 6237.195657608697 2024
260 21.8 8331.632344036701 10965.259719481348 27111.105 0.856 6555.232055071135 2179
270 29.1 8026.6453367697595 10890.717155130924 27112.053 0.856 6716.790362536505 2397
280 30.3 7485.045755775578 9889.252349807894 28537.297 0.856 6858.593858630954 2688
290 15.4 10559.71495454546 9690.05404034289 28537.297 0.856 6922.055886325645 2991
300 10.3 20726.340854368922 3407.7442047949253 28588.204 0.856 7100.179732591416 3145
310 7 19455.05647142858 3097.3889868666643 28588.204 0.856 7532.290137623154 3248
320 7.7 19938.80285714286 2596.8178750941584 28588.204 0.856 7783.825292344787 3318
330 8.3 17966.124590361447 3903.683980077606 28588.204 0.856 8059.50519587629 3395
340 10.2 9624.644921568628 4526.904961850502 28588.204 0.856 8295.919632259922 3478
343 0.4 2518.0287499999995 4164.468849086902 28588.204 0.856 8333.777168435758 3580
