10 0.1 340 0 340 340 0 0
20 0.1 246.0 0.0 340 246 340.0 1
30 0.1 364.0 0.0 364 246 293.0 2
40 0.1 624.0 0.0 624 246 316.6666666666667 3
50 0.1 713.0 0.0 713 246 393.5 4
60 0.1 429.0 0.0 713 246 457.4 5
70 0.1 767.0 0.0 767 246 452.6666666666667 6
80 0.1 1104.0 0.0 1104 246 497.57142857142856 7
90 0.1 1056.0 0.0 1104 246 573.375 8
100 0.1 1098.0 0.0 1104 246 627.0 9
110 0.1 1486.0 0.0 1486 246 674.1 10
120 0.1 1029.0 0.0 1486 246 747.9090909090909 11
130 0.1 1395.0 0.0 1486 246 771.3333333333334 12
140 0.1 1031.0 0.0 1486 246 819.3076923076923 13
150 0.1 1720.0 0.0 1720 246 834.4285714285714 14
160 0.1 1351.0 0.0 1720 246 893.4666666666667 15
170 0.1 1413.0 0.0 1720 246 922.0625 16
180 0.1 1847.0 0.0 1847 246 950.9411764705883 17
190 0.1 1240.0 0.0 1847 246 1000.7222222222222 18
200 0.1 1788.0 0.0 1847 246 1013.3157894736842 19
210 0.1 2180.0 0.0 2180 246 1052.05 20
220 0.1 1576.0 0.0 2180 246 1105.7619047619048 21
230 0.1 1142.0 0.0 2180 246 1127.1363636363637 22
240 0.1 1930.0 0.0 2180 246 1127.7826086956522 23
250 0.1 2545.0 0.0 2545 246 1161.2083333333333 24
260 0.1 1855.0 0.0 2545 246 1216.56 25
270 0.1 1897.0 0.0 2545 246 1241.1153846153845 26
280 0.1 2514.0 0.0 2545 246 1265.4074074074074 27
290 0.1 2808.0 0.0 2808 246 1310.0 28
300 0.1 2171.0 0.0 2808 246 1361.655172413793 29
310 0.1 1926.0 0.0 2808 246 1388.6333333333334 30
320 0.1 1725.0 0.0 2808 246 1405.967741935484 31
330 0.1 1702.0 0.0 2808 246 1415.9375 32
340 0.1 2840.0 0.0 2840 246 1424.6060606060605 33
343 0.1 2271.0 0.0 2840 246 1466.235294117647 34
