0 0.3 3247.958666666667 1094.3324400352733 4366.699 1762.489 0 0
10 0.7 5215.800857142857 2447.0777562522217 9286.843 1530.351 3247.958666666667 3
20 0.6 4262.144333333334 2103.977362202888 9286.843 1530.351 4625.448200000001 10
30 1 6218.9812 2933.41803518867 13196.335 1530.351 4489.20925 16
40 1.7 6621.803882352941 2792.086931687666 13196.335 1530.351 5154.506153846154 26
50 1.3 8045.254615384616 3027.2382959621423 16535.549 1530.351 5734.600604651163 43
60 0.4 9510.0515 2383.999964885749 16535.549 1530.351 6271.002428571429 56
70 1.9 8083.961210526316 2393.6651710836904 16535.549 1530.351 6486.939033333333 60
80 2.1 8140.19323809524 3849.176198959039 20110.614 1530.351 6871.032974683544 79
90 1.1 9585.526363636362 2530.1635964305583 20110.614 1530.351 7137.556630000001 100
100 1.7 12930.005588235294 2804.249025646492 20792.216 1530.351 7380.148225225225 111
110 2.1 13697.492476190477 2940.8599386219475 20792.216 1530.351 8117.23865625 128
120 2 15227.0875 3266.127407391336 23687.702 1530.351 8903.717382550334 149
130 1.2 19714.194750000002 3461.2117397867346 26229.296 1530.351 9652.045207100591 169
140 1.5 18498.514 1930.4049149746118 26229.296 1530.351 10319.149044198895 181
150 2.4 26145.864625000006 3075.4888512771936 33068.871 1530.351 10945.120852040816 196
160 1.2 31114.778000000002 3561.763041745198 39175.927 1530.351 12603.38380909091 220
170 2 33906.2687 3742.345887001426 41843.145 1530.351 13560.869715517243 232
180 1.4 39207.50035714286 2416.2616853253676 42854.799 1530.351 15175.583920634921 252
190 2.1 42018.53495238096 3298.069096145548 51468.759 1530.351 16440.42162781955 266
200 1.3 47547.351923076916 3525.99667868986 55290.456 1530.351 18311.990895470382 287
210 2.1 50982.437000000005 4033.8910354832715 57169.049 1530.351 19578.85654 300
220 2.1 54715.074190476174 2674.9837872339067 59644.813 1530.351 21633.29638317757 321
230 2.6 49290.007 15378.61767346596 66554.462 1530.351 23664.633616959065 342
240 5.1 35487.324196078414 22741.503060674542 75258.733 750.29 25475.121953804348 368
250 3.9 44807.31592307693 20196.975759075583 75258.733 750.29 26693.79096181384 419
260 5.1 41332.77613725492 26297.905358611817 81658.38 534.701 28236.20902620087 458
270 7 38419.4903142857 26229.040744625494 81807.679 534.701 29548.438736738703 509
280 8 36690.624074999985 24428.2085357235 87257.5 534.701 30620.93201899827 579
290 4.5 47411.36584444444 25309.39941147026 90667.486 534.701 31357.768687405154 659
300 3.3 53631.95690909092 24994.97621678394 99007.263 534.701 32383.921914772724 704
310 1.8 49539.745444444445 21388.43057835684 99007.263 534.701 33335.32646675712 737
320 3 71214.9404 18348.615949480616 100993.456 534.701 33721.65698543046 755
330 3.4 66614.92273529411 16328.21275775495 100993.456 534.701 35154.521319745225 785
340 7.5 68103.15218666663 9192.760248220085 100993.456 534.701 36460.56973015873 819
343 0.2 62339.401 734.6310000000012 100993.456 534.701 39115.148795302004 894
