0 252.78671875 252.78671875
10 386.153125 638.93984375
20 555.40546875 1194.3453125
30 658.22578125 1852.57109375
40 1318.30703125 3170.878125
50 1099.034375 4269.9125
60 837.03671875 5106.94921875
70 1729.5875 6836.53671875
80 1919.69140625 8756.228125
90 2194.77265625 10951.00078125
100 2576.6234375 13527.62421875
110 2407.02265625 15934.646875
120 2857.21171875 18791.85859375
130 1549.7140625 20341.57265625
140 3313.1046875 23654.67734375
150 2327.8640625 25982.54140625
160 2590.6875 28573.22890625
170 3377.228125 31950.45703125
180 3301.46015625 35251.9171875
190 3055.20859375 38307.12578125
200 4284.85234375 42591.978125
210 3054.0828125 45646.0609375
220 1888.590625 47534.6515625
230 3408.09140625 50942.74296875
240 4372.953125 55315.69609375
250 4161.70078125 59477.396875
260 2936.2921875 62413.6890625
270 3954.9140625 66368.603125
280 4510.0078125 70878.6109375
290 4308.46328125 75187.07421875
300 3909.02890625 79096.103125
310 4128.37421875 83224.47734375
320 4171.5265625 87396.00390625
330 7215.93359375 94611.9375
340 7193.3296875 101805.2671875
343 1.8125 101807.0796875
