0 7.9953125 7.9953125
10 12.06328125 20.05859375
20 15.3390625 35.39765625
30 24.290625 59.68828125
40 34.27109375 93.959375
50 21.5515625 115.5109375
60 15.87734375 131.38828125
70 40.8390625 172.22734375
80 36.94140625 209.16875
90 41.1484375 250.3171875
100 41.30546875 291.62265625
110 41.4265625 333.04921875
120 40.196875 373.24609375
130 42.69609375 415.9421875
140 49.55546875 465.49765625
150 39.56875 505.06640625
160 49.484375 554.55078125
170 45.91640625 600.4671875
180 47.2375 647.7046875
190 42.675 690.3796875
200 50.6203125 741
210 53.22578125 794.22578125
220 48.66171875 842.8875
230 62.471875 905.359375
240 96.52265625 1001.88203125
250 67.69609375 1069.578125
260 96.234375 1165.8125
270 108.30078125 1274.11328125
280 103.8359375 1377.94921875
290 62.64140625 1440.590625
300 42.74375 1483.334375
310 32.02890625 1515.36328125
320 30.803125 1546.16640625
330 33.8140625 1579.98046875
340 26.61640625 1606.596875
343 1.5234375 1608.1203125
