0 0.9 4.484444444444445 7.493392305685962 25.443 1.236 0 0
10 0.9 4.131222222222223 4.137217953536135 25.443 1.236 4.484444444444445 9
20 1.3 2.6936153846153843 2.036974209211811 25.443 1.236 4.307833333333333 18
30 0.7 2.702714285714286 2.0208466906073737 25.443 1.236 3.6309032258064513 31
40 1 1.5942 0.5143926126996771 25.443 1.233 3.459921052631579 38
50 1.2 2.108333333333334 1.8127587784614059 25.443 1.202 3.071229166666667 48
60 1.1 2.5298181818181815 2.579818556628347 25.443 1.202 2.8786500000000004 60
70 2.4 2.4934583333333333 1.9564963365492296 25.443 1.144 2.8246056338028174 71
80 1.3 2.1468461538461545 2.124962039340716 25.443 1.144 2.740947368421053 95
90 1.4 1.4399285714285714 0.38939797201865983 25.443 1.138 2.6694351851851854 108
100 1.8 2.625388888888889 2.340249705073962 25.443 1.138 2.5283442622950822 122
110 2.6 3.2438076923076915 2.4501449881624864 25.443 1.138 2.540821428571429 140
120 2.1 4.980380952380953 10.712488757458967 51.43 1.084 2.6509277108433738 166
130 2.8 3.9162857142857126 3.110704649812859 51.43 1.062 2.9125240641711234 187
140 3 3.198566666666667 2.4935366274073902 51.43 0.865 3.043246511627907 215
150 4.1 3.419902439024389 2.705778665302062 51.43 0.865 3.062265306122449 245
160 3.5 3.6301428571428564 2.7475900832013 51.43 0.865 3.113534965034965 286
170 2.7 4.095333333333335 2.8003764429487377 51.43 0.865 3.1698629283489095 321
180 2.4 5.978999999999998 5.907135064197084 51.43 0.865 3.2416666666666663 348
190 3.4 3.157 2.739516820858143 51.43 0.865 3.4182688172043005 372
200 3.8 4.262263157894736 3.0311046248088163 51.43 0.865 3.396389162561576 406
210 4.2 2.785880952380953 2.4544171279977287 51.43 0.865 3.4704954954954945 444
220 4.2 4.726119047619045 3.4860281137187035 51.43 0.865 3.411331275720164 486
230 3.8 3.9311842105263164 3.1718417931547793 51.43 0.865 3.5159166666666657 528
240 3.6 3.8559722222222224 4.9543832472205365 51.43 0.811 3.543796819787985 566
250 3.7 3.8148648648648633 2.5845467286449484 51.43 0.811 3.5624651162790686 602
260 5.4 3.9207962962962957 3.090643097285919 51.43 0.811 3.577079812206572 639
270 5.8 3.1312586206896547 2.551402836306987 51.43 0.811 3.603862914862914 693
280 4.7 3.072489361702128 2.494448021253979 51.43 0.811 3.5673635153129153 751
290 5.9 3.6321525423728804 3.1804678411509255 51.43 0.811 3.538216791979949 798
300 2 3.6605 2.9401867882840373 51.43 0.811 3.544683780630104 857
310 0 0 0 51.43 0.811 3.547324971493728 877
320 0 0 0 51.43 0.811 3.547324971493728 877
330 0 0 0 51.43 0.811 3.547324971493728 877
340 0 0 0 51.43 0.811 3.547324971493728 877
348 0 0 0 51.43 0.811 3.547324971493728 877
