0 0.1 1.7569638321543273 0 1.7569638321543273 1.7569638321543273 0 0
10 0.1 0.4008016032064128 0.0 1.7569638321543273 0.4008016032064128 1.7569638321543273 1
20 0.1 0.4 0.0 1.7569638321543273 0.4 1.07888271768037 2
30 0.1 0.30060120240480964 0.0 1.7569638321543273 0.30060120240480964 0.8525884784535799 3
40 0.1 0.30060120240480964 0.0 1.7569638321543273 0.30060120240480964 0.7145916594413874 4
50 0.1 0.1004016064257028 0.0 1.7569638321543273 0.1004016064257028 0.6317935680340718 5
60 0.1 0.3009027081243731 0.0 1.7569638321543273 0.1004016064257028 0.5432282410993436 6
70 0.1 0.20060180541624875 0.0 1.7569638321543273 0.1004016064257028 0.508610307817205 7
80 0.1 0.30120481927710846 0.0 1.7569638321543273 0.1004016064257028 0.4701092450170854 8
90 0.1 1.4014014014014013 0.0 1.7569638321543273 0.1004016064257028 0.4513420866015324 9
100 0.1 0.20060180541624875 0.0 1.7569638321543273 0.1004016064257028 0.5463480180815192 10
110 0.1 0.2012072434607646 0.0 1.7569638321543273 0.1004016064257028 0.5149165442028584 11
120 0.1 0.5025125628140703 0.0 1.7569638321543273 0.1004016064257028 0.48877410247435055 12
130 0.1 0.30120481927710846 0.0 1.7569638321543273 0.1004016064257028 0.4898309071158674 13
140 0.1 0.4024144869215292 0.0 1.7569638321543273 0.1004016064257028 0.47635761512738467 14
150 0.1 2.4120603015075375 0.0 2.4120603015075375 0.1004016064257028 0.4714280732469943 15
160 0.1 0.4024144869215292 0.0 2.4120603015075375 0.1004016064257028 0.5927175875132782 16
170 0.1 2.710843373493976 0.0 2.710843373493976 0.1004016064257028 0.5815232874784694 17
180 0.1 0.5030181086519114 0.0 2.710843373493976 0.1004016064257028 0.6998188478126642 18
190 0.1 0.5025125628140703 0.0 2.710843373493976 0.1004016064257028 0.6894609141726246 19
200 0.1 0.4032258064516129 0.0 2.710843373493976 0.1004016064257028 0.6801134966046969 20
210 0.1 2.1148036253776437 0.0 2.710843373493976 0.1004016064257028 0.6669283685021691 21
220 0.1 0.5035246727089627 0.0 2.710843373493976 0.1004016064257028 0.7327408801783271 22
230 0.1 0.9036144578313252 0.0 2.710843373493976 0.1004016064257028 0.7227749581144416 23
240 0.1 0.802407221664995 0.0 2.710843373493976 0.1004016064257028 0.7303099372693117 24
250 0.1 0.8048289738430584 0.0 2.710843373493976 0.1004016064257028 0.7331938286451392 25
260 0.1 0.7049345417925479 0.0 2.710843373493976 0.1004016064257028 0.7359490265373668 26
270 0.1 0.7042253521126761 0.0 2.710843373493976 0.1004016064257028 0.7348003419171882 27
280 0.1 0.6066734074823054 0.0 2.710843373493976 0.1004016064257028 0.7337083779955985 28
290 0.1 0.8064516129032258 0.0 2.710843373493976 0.1004016064257028 0.7293278617710022 29
300 0.1 0.8040201005025126 0.0 2.710843373493976 0.1004016064257028 0.7318986534754096 30
310 0.1 2.219979818365288 0.0 2.710843373493976 0.1004016064257028 0.7342251517666064 31
320 0.1 0.7007007007007007 0.0 2.710843373493976 0.1004016064257028 0.7806549850978153 32
330 0.1 0.20060180541624875 0.0 2.710843373493976 0.1004016064257028 0.7782321279948724 33
340 0.1 1.2 0.0 2.710843373493976 0.1004016064257028 0.761243000860207 34
348 0.1 0.2008032128514056 0.0 2.710843373493976 0.1004016064257028 0.7737789151213439 35
