0 0.1 3531.5546875 0 3531.5546875 3531.5546875 0 0
10 0.1 3531.33984375 0.0 3531.5546875 3531.33984375 3531.5546875 1
20 0.1 3530.7421875 0.0 3531.5546875 3530.7421875 3531.447265625 2
30 0.1 3530.38671875 0.0 3531.5546875 3530.38671875 3531.2122395833335 3
40 0.1 3530.39453125 0.0 3531.5546875 3530.38671875 3531.005859375 4
50 0.1 3530.28515625 0.0 3531.5546875 3530.28515625 3530.88359375 5
60 0.1 3530.171875 0.0 3531.5546875 3530.171875 3530.7838541666665 6
70 0.1 3530.05859375 0.0 3531.5546875 3530.05859375 3530.6964285714284 7
80 0.1 3528.61328125 0.0 3531.5546875 3528.61328125 3530.61669921875 8
90 0.1 3529.421875 0.0 3531.5546875 3528.61328125 3530.394097222222 9
100 0.1 3529.328125 0.0 3531.5546875 3528.61328125 3530.296875 10
110 0.1 3528.0078125 0.0 3531.5546875 3528.0078125 3530.208806818182 11
120 0.1 3525.83984375 0.0 3531.5546875 3525.83984375 3530.025390625 12
130 0.1 3523.40625 0.0 3531.5546875 3523.40625 3529.703425480769 13
140 0.1 3520.13671875 0.0 3531.5546875 3520.13671875 3529.2536272321427 14
150 0.1 3518.12890625 0.0 3531.5546875 3518.12890625 3528.6458333333335 15
160 0.1 3513.18359375 0.0 3531.5546875 3513.18359375 3527.988525390625 16
170 0.1 3510.86328125 0.0 3531.5546875 3510.86328125 3527.1176470588234 17
180 0.1 3509.91796875 0.0 3531.5546875 3509.91796875 3526.2146267361113 18
190 0.1 3505.44921875 0.0 3531.5546875 3505.44921875 3525.3569078947367 19
200 0.1 3503.390625 0.0 3531.5546875 3503.390625 3524.3615234375 20
210 0.1 3501.92578125 0.0 3531.5546875 3501.92578125 3523.3629092261904 21
220 0.1 3500.73828125 0.0 3531.5546875 3500.73828125 3522.388494318182 22
230 0.1 3496.1015625 0.0 3531.5546875 3496.1015625 3521.4471807065215 23
240 0.1 3490.625 0.0 3531.5546875 3490.625 3520.39111328125 24
250 0.1 3486.1484375 0.0 3531.5546875 3486.1484375 3519.20046875 25
260 0.1 3482.765625 0.0 3531.5546875 3482.765625 3517.929236778846 26
270 0.1 3481.2734375 0.0 3531.5546875 3481.2734375 3516.626880787037 27
280 0.1 3480.06640625 0.0 3531.5546875 3480.06640625 3515.3642578125 28
290 0.1 3478.9609375 0.0 3531.5546875 3478.9609375 3514.1470905172414 29
300 0.1 3477.6328125 0.0 3531.5546875 3477.6328125 3512.97421875 30
310 0.1 3476.30078125 0.0 3531.5546875 3476.30078125 3511.8341733870966 31
320 0.1 3475.58203125 0.0 3531.5546875 3475.58203125 3510.7237548828125 32
330 0.1 3475.34765625 0.0 3531.5546875 3475.34765625 3509.6588541666665 33
340 0.1 3475.015625 0.0 3531.5546875 3475.015625 3508.649701286765 34
348 0.1 3482.8671875 0.0 3531.5546875 3475.015625 3507.6887276785715 35
