0 2.1 170.85009523809526 172.7962961444169 620.398 9.244 0 0
10 4.1 183.34451219512192 195.45449102804042 699.636 6.028 170.85009523809526 21
20 4.1 164.00104878048785 169.09316631357058 758.832 6.028 179.1125322580645 62
30 4.2 265.12814285714285 301.23254312965685 1439.534 6.028 173.09728155339806 103
40 3.6 200.42330555555557 207.4530333539805 1439.534 6.028 199.75449655172415 145
50 4.3 258.6082558139535 278.1387297382781 1439.534 6.028 199.88751933701658 181
60 4.5 172.20762222222228 178.63116097233413 1439.534 6.028 211.15980357142857 224
70 8.3 592.9722048192771 659.4892796589667 2610.637 6.028 204.64363940520448 269
80 5.8 316.67065517241394 276.25379766786125 2610.637 6.028 296.20975 352
90 5.3 266.8317358490566 258.62334494622775 2610.637 6.028 299.10421951219513 410
100 6 403.5001666666666 477.01425349172973 2610.637 6.028 295.4099611231102 463
110 8.9 1040.1348426966292 1091.368725843599 4705.65 6.028 307.8103671128107 523
120 9 1147.2468555555552 1578.7155307489452 6086.977 6.028 414.30853431372543 612
130 7.1 1577.3691971830992 1685.8857129958203 9217.115 6.028 508.27498575498566 702
140 10.4 2814.125115384616 2856.34137581553 9877.064 6.028 606.4712199223803 773
150 9.8 4303.761908163266 2920.7248484257207 11936.4 6.028 868.2682611174458 877
160 8.9 5850.1685842696625 3488.1077698546655 15836.087 6.028 1213.5794174358975 975
170 8.9 7674.92793258427 3199.5672289859353 16183.503 6.028 1601.4144135338345 1064
180 9 9187.175822222227 3569.6790793048062 17419.844 6.028 2070.228553339115 1153
190 11.6 9748.295137931034 3312.1035449578612 17449.98 6.028 2585.5344698310537 1243
200 7.4 9455.747594594592 3492.9176971087795 17449.98 6.028 3196.925373068433 1359
210 10.2 12415.538029411764 2735.5134588715123 19304.561 6.028 3520.1304284717376 1433
220 10.6 11954.088245283017 3880.021049190806 23584.099 6.028 4111.225917263843 1535
230 11.9 9645.535151260508 7588.046402660256 24118.609 0.491 4617.833721511273 1641
240 14.1 11163.236035460992 9248.142214191366 24724.933 0.491 4957.774897727273 1760
250 16.7 11488.163724550894 9642.355802232056 29384.329 0.451 5418.043188321935 1901
260 21.7 8488.424880184326 9669.178054239695 31632.713 0.451 5908.231838974855 2068
270 18.2 8386.455631868139 9956.103195050056 31632.713 0.451 6153.265488840262 2285
280 22 9510.822140909093 10261.092800582803 31632.713 0.451 6318.016443858938 2467
290 24.9 7523.3014859437735 10048.919035784222 35959.775 0.451 6579.429638258281 2687
300 13.4 15975.596298507468 7583.342741196788 35959.775 0.451 6659.478715258856 2936
310 11.9 15126.027436974788 6806.4082352835185 35959.775 0.451 7066.110557654723 3070
320 9 17481.679000000007 4399.13419088953 35959.775 0.451 7366.87258607714 3189
330 10.6 17007.57958490565 5100.980152846559 35959.775 0.451 7644.497647758463 3279
340 12.2 6296.672614754099 4895.370859433677 35959.775 0.451 7937.699031905465 3385
348 0.1 346.505 0.0 35959.775 0.451 7880.611714285714 3507
