10 0.1 124 0 124 124 0 0
20 0.1 171.0 0.0 171 124 124.0 1
30 0.1 187.0 0.0 187 124 147.5 2
40 0.1 154.0 0.0 187 124 160.66666666666666 3
50 0.1 159.0 0.0 187 124 159.0 4
60 0.1 194.0 0.0 194 124 159.0 5
70 0.1 251.0 0.0 251 124 164.83333333333334 6
80 0.1 310.0 0.0 310 124 177.14285714285714 7
90 0.1 311.0 0.0 311 124 193.75 8
100 0.1 237.0 0.0 311 124 206.77777777777777 9
110 0.1 279.0 0.0 311 124 209.8 10
120 0.1 373.0 0.0 373 124 216.0909090909091 11
130 0.1 380.0 0.0 380 124 229.16666666666666 12
140 0.1 407.0 0.0 407 124 240.76923076923077 13
150 0.1 598.0 0.0 598 124 252.64285714285714 14
160 0.1 416.0 0.0 598 124 275.6666666666667 15
170 0.1 574.0 0.0 598 124 284.4375 16
180 0.1 390.0 0.0 598 124 301.47058823529414 17
190 0.1 386.0 0.0 598 124 306.3888888888889 18
200 0.1 552.0 0.0 598 124 310.57894736842104 19
210 0.1 471.0 0.0 598 124 322.65 20
220 0.1 473.0 0.0 598 124 329.7142857142857 21
230 0.1 554.0 0.0 598 124 336.22727272727275 22
240 0.1 462.0 0.0 598 124 345.69565217391306 23
250 0.1 537.0 0.0 598 124 350.5416666666667 24
260 0.1 632.0 0.0 632 124 358.0 25
270 0.1 634.0 0.0 634 124 368.53846153846155 26
280 0.1 598.0 0.0 634 124 378.3703703703704 27
290 0.1 783.0 0.0 783 124 386.2142857142857 28
300 0.1 717.0 0.0 783 124 399.8965517241379 29
310 0.1 635.0 0.0 783 124 410.46666666666664 30
320 0.1 394.0 0.0 783 124 417.7096774193548 31
330 0.1 278.0 0.0 783 124 416.96875 32
340 0.1 448.0 0.0 783 124 412.75757575757575 33
348 0.1 222.0 0.0 783 124 413.79411764705884 34
