10 0.1 132 0 132 132 0 0
20 0.1 178.0 0.0 178 132 132.0 1
30 0.1 191.0 0.0 191 132 155.0 2
40 0.1 163.0 0.0 191 132 167.0 3
50 0.1 159.0 0.0 191 132 166.0 4
60 0.1 211.0 0.0 211 132 164.6 5
70 0.1 265.0 0.0 265 132 172.33333333333334 6
80 0.1 322.0 0.0 322 132 185.57142857142858 7
90 0.1 363.0 0.0 363 132 202.625 8
100 0.1 253.0 0.0 363 132 220.44444444444446 9
110 0.1 286.0 0.0 363 132 223.7 10
120 0.1 362.0 0.0 363 132 229.36363636363637 11
130 0.1 395.0 0.0 395 132 240.41666666666666 12
140 0.1 391.0 0.0 395 132 252.30769230769232 13
150 0.1 694.0 0.0 694 132 262.2142857142857 14
160 0.1 425.0 0.0 694 132 291.0 15
170 0.1 649.0 0.0 694 132 299.375 16
180 0.1 375.0 0.0 694 132 319.94117647058823 17
190 0.1 395.0 0.0 694 132 323.0 18
200 0.1 552.0 0.0 694 132 326.7894736842105 19
210 0.1 571.0 0.0 694 132 338.05 20
220 0.1 476.0 0.0 694 132 349.14285714285717 21
230 0.1 553.0 0.0 694 132 354.90909090909093 22
240 0.1 501.0 0.0 694 132 363.5217391304348 23
250 0.1 583.0 0.0 694 132 369.25 24
260 0.1 667.0 0.0 694 132 377.8 25
270 0.1 753.0 0.0 753 132 388.9230769230769 26
280 0.1 732.0 0.0 753 132 402.4074074074074 27
290 0.1 916.0 0.0 916 132 414.17857142857144 28
300 0.1 848.0 0.0 916 132 431.48275862068965 29
310 0.1 728.0 0.0 916 132 445.3666666666667 30
320 0.1 380.0 0.0 916 132 454.48387096774195 31
330 0.1 286.0 0.0 916 132 452.15625 32
340 0.1 457.0 0.0 916 132 447.1212121212121 33
348 0.1 289.0 0.0 916 132 447.4117647058824 34
