0 0.2 3396.5195 2143.6135 5540.133 1252.906 0 0
10 1 5900.24 3202.390265953667 12753.952 1252.906 3396.5195 2
20 1 5425.2246 2556.749482407739 12753.952 1252.906 5482.95325 12
30 1.3 6042.4459230769235 2552.3290148712426 12753.952 1252.906 5456.7129545454545 22
40 0.7 5555.9367142857145 1808.442421945369 12753.952 1252.906 5674.270914285715 35
50 1 6607.1023000000005 2424.8199484224406 12753.952 1252.906 5654.548547619048 42
60 1.3 6785.218923076924 2155.329150427608 12753.952 1252.906 5837.731961538462 52
70 1.8 6973.003444444446 1800.6930905594918 12753.952 1252.906 6027.2293538461545 65
80 1.4 6968.504071428572 2587.5823699296843 12753.952 1252.906 6232.336987951809 83
90 1.4 7617.1932857142865 3843.5577439960016 18417.778 1252.906 6338.587907216496 97
100 0.9 6077.891333333333 1787.1721244140606 18417.778 1252.906 6499.853450450451 111
110 1.8 10933.440444444444 5069.701032290313 24522.481 1252.906 6468.206291666667 120
120 2.9 10273.035586206895 3887.327544788042 24522.481 1252.906 7050.628137681161 138
130 0.4 15358.188250000001 3295.5880473787515 24522.481 1252.906 7610.207874251498 167
140 2.3 17013.17726086957 3306.060160063639 24703.181 1252.906 7791.44718128655 171
150 1.9 19521.018421052635 2566.9121990643343 24703.181 1252.906 8884.745077319589 194
160 1.5 23258.330133333333 2791.5938150250754 29587.721 1252.906 9833.520633802818 213
170 1.6 27454.86675 2503.5225931491627 33775.617 1252.906 10716.731785087719 228
180 2.1 33487.26661904761 2465.9849404236493 38833.839 1252.906 11814.314405737705 244
190 2.5 38201.184559999994 3582.222369566715 45022.229 1252.906 13531.793637735847 265
200 2 40929.95479999999 2689.802835925407 47262.212 1252.906 15658.465268965516 290
210 1.7 45940.73505882353 2207.913995165933 48991.685 1252.906 17288.883948387094 310
220 1.6 51620.63506249999 3368.4117145418622 56328.125 1252.906 18778.42972477064 327
230 2.3 44687.6413478261 14694.43936146274 60096.904 1089.9 20310.427641399416 343
240 3.2 47950.5154375 12866.445302039867 64331.893 1089.9 21842.329049180327 366
250 3.5 45391.3427142857 16238.502236416973 66579.856 526.141 23941.47971356784 398
260 5.2 39783.61059615385 19671.685960083476 70979.904 526.141 25675.302357967663 433
270 5 42580.11664000001 22751.23031513028 79465.706 526.141 27187.945715463913 485
280 5 45637.02082 23490.145205849967 81537.217 526.141 28626.46636261682 535
290 5.4 40801.89498148148 27557.30524947327 87852.965 526.141 30080.359905982903 585
300 4.3 47590.69255813954 23514.06591905523 87852.965 526.141 30986.40512363067 639
310 3.2 51632.77331249998 21916.101152334828 90587.795 526.141 32033.303011730204 682
320 3.3 54924.531787878776 20626.58327945544 90587.795 526.141 32911.7106442577 714
330 4.1 66003.33292682927 17594.13222828082 93998.204 526.141 33884.16459036144 747
340 8.8 54888.116329545475 10348.991175081033 93998.204 526.141 35555.33959263959 788
348 0.1 52442.606 0.0 93998.204 526.141 37497.445018264836 876
