0 29.2 29.2
10 49.3703125 78.5703125
20 49.0640625 127.634375
30 48.3453125 175.9796875
40 48.1078125 224.0875
50 49.996875 274.084375
60 56.071875 330.15625
70 107.353125 437.509375
80 66.3 503.809375
90 59.921875 563.73125
100 79.0328125 642.7640625
110 118.625 761.3890625
120 102.56875 863.9578125
130 99.6515625 963.609375
140 141.6046875 1105.2140625
150 117.8734375 1223.0875
160 114.6 1337.6875
170 113.471875 1451.159375
180 107.19375 1558.353125
190 158.4515625 1716.8046875
200 75.4 1792.2046875
210 133.3875 1925.5921875
220 155.9109375 2081.503125
230 97.6109375 2179.1140625
240 110.2375 2289.3515625
250 163.14375 2452.4953125
260 166.296875 2618.7921875
270 115.715625 2734.5078125
280 179.92890625 2914.43671875
290 174.865625 3089.30234375
300 167.1734375 3256.47578125
310 153.0359375 3409.51171875
320 115.26328125 3524.775
330 133.0890625 3657.8640625
340 88.00625 3745.8703125
348 0.1125 3745.9828125
