0 8.053125 8.053125
10 20.07421875 28.12734375
20 18.6578125 46.78515625
30 21.7265625 68.51171875
40 16.665625 85.17734375
50 20.0703125 105.24765625
60 23.61015625 128.8578125
70 36.24609375 165.10390625
80 28.51328125 193.6171875
90 25.9 219.5171875
100 31.35546875 250.87265625
110 44.73984375 295.6125
120 38.8765625 334.4890625
130 44.18984375 378.67890625
140 54.5515625 433.23046875
150 47.796875 481.02734375
160 48.36328125 529.390625
170 46 575.390625
180 49.86171875 625.25234375
190 48.07734375 673.3296875
200 45.86484375 719.19453125
210 45.49140625 764.6859375
220 65.09765625 829.78359375
230 56.01640625 885.8
240 56.58984375 942.38984375
250 78.7859375 1021.17578125
260 81.45703125 1102.6328125
270 77.48515625 1180.11796875
280 75.5953125 1255.71328125
290 93.1578125 1348.87109375
300 64.81953125 1413.690625
310 51.853125 1465.54375
320 44.02265625 1509.56640625
330 30.33671875 1539.903125
340 37.1375 1577.040625
348 0.73203125 1577.77265625
