0 3.9 2.156358974358973 4.965473238929198 29.16 0.784 0 0
10 4.5 1.1875777777777776 0.23384719501692539 29.16 0.784 2.156358974358973 39
20 4.8 1.1229999999999996 0.12217678448325055 29.16 0.784 1.6373690476190472 84
30 8.8 1.1387500000000008 0.27936288106722734 29.16 0.784 1.450325757575757 132
40 12.7 1.0956929133858262 0.14792664237581776 29.16 0.781 1.3256954545454547 220
50 8.3 1.1893253012048184 0.3582379941382354 29.16 0.781 1.241515850144092 347
60 18.4 1.4953423913043495 3.771848422012442 51.463 0.762 1.231441860465116 430
70 22.7 1.0282731277533046 0.449916551567953 51.463 0.688 1.3105260586319223 614
80 18.4 1.0012282608695655 0.35819619360675337 51.463 0.688 1.234341260404281 841
90 24.2 30.363570247933904 108.38381322410248 627.867 0.688 1.1924946341463418 1025
100 27.1 0.9505498154981552 0.1497626791445105 627.867 0.688 6.764239147592742 1267
110 28.1 0.9983380782918152 0.5106386305108266 627.867 0.688 5.739850455136544 1538
120 4.6 4.342869565217391 10.995621151382304 627.867 0.688 5.007379329301816 1819
130 0 0 0 627.867 0.688 4.990989276139413 1865
137 0 0 0 627.867 0.688 4.990989276139413 1865
