0 0.1 0.6971595284639536 0 0.6971595284639536 0.6971595284639536 0 0
10 0.1 2.21105527638191 0.0 2.21105527638191 0.6971595284639536 0.6971595284639536 1
20 0.1 1.6080402010050252 0.0 2.21105527638191 0.6971595284639536 1.4541074024229317 2
30 0.1 1.8072289156626504 0.0 2.21105527638191 0.6971595284639536 1.5054183352836297 3
40 0.1 1.0090817356205852 0.0 2.21105527638191 0.6971595284639536 1.5808709803783847 4
50 0.1 2.2222222222222223 0.0 2.2222222222222223 0.6971595284639536 1.4665131314268247 5
60 0.1 1.3118062563067607 0.0 2.2222222222222223 0.6971595284639536 1.5924646465593912 6
70 0.1 1.6243654822335025 0.0 2.2222222222222223 0.6971595284639536 1.5523705908090155 7
80 0.1 1.7258883248730965 0.0 2.2222222222222223 0.6971595284639536 1.5613699522370763 8
90 0.1 2.6078234704112337 0.0 2.6078234704112337 0.6971595284639536 1.5796497714188564 9
100 0.1 4.25531914893617 0.0 4.25531914893617 0.6971595284639536 1.682467141318094 10
110 0.1 2.642276422764228 0.0 4.25531914893617 0.6971595284639536 1.9163627783742827 11
120 0.1 2.238046795523906 0.0 4.25531914893617 0.6971595284639536 1.9768555820734448 12
130 0.1 1.2 0.0 4.25531914893617 0.6971595284639536 1.9969472138773265 13
137 0.1 0.3003003003003003 0.0 4.25531914893617 0.3003003003003003 1.9400224128860888 14
