0 0.1 3531.734375 0 3531.734375 3531.734375 0 0
10 0.1 3531.34765625 0.0 3531.734375 3531.34765625 3531.734375 1
20 0.1 3528.515625 0.0 3531.734375 3528.515625 3531.541015625 2
30 0.1 3521.46484375 0.0 3531.734375 3521.46484375 3530.5325520833335 3
40 0.1 3520.79296875 0.0 3531.734375 3520.79296875 3528.265625 4
50 0.1 3505.1640625 0.0 3531.734375 3505.1640625 3526.77109375 5
60 0.1 3502.59765625 0.0 3531.734375 3502.59765625 3523.169921875 6
70 0.1 3499.83984375 0.0 3531.734375 3499.83984375 3520.231026785714 7
80 0.1 3498.62890625 0.0 3531.734375 3498.62890625 3517.68212890625 8
90 0.1 3497.07421875 0.0 3531.734375 3497.07421875 3515.5651041666665 9
100 0.1 3496.13671875 0.0 3531.734375 3496.13671875 3513.716015625 10
110 0.1 3495.75390625 0.0 3531.734375 3495.75390625 3512.1178977272725 11
120 0.1 3495.5234375 0.0 3531.734375 3495.5234375 3510.7542317708335 12
130 0.1 3495.20703125 0.0 3531.734375 3495.20703125 3509.5826322115386 13
137 0.1 3495.0859375 0.0 3531.734375 3495.0859375 3508.5558035714284 14
