0 3.9 1029.6945897435894 341.0639340522023 1879.966 229.87 0 0
10 4.2 695.165857142857 378.58100374723676 1879.966 187.394 1029.6945897435894 39
20 5 992.2697000000001 462.8365209503784 2010.691 187.196 856.23524691358 81
30 2.3 3227.081652173913 2154.7340449803446 6124.325 187.196 908.1567938931296 131
40 2.5 9683.96084 1474.7752474783586 12399.721 187.196 1254.4897272727271 154
50 8.7 10745.25674712644 7059.575055661123 21208.735 2.665 2431.7901620111734 179
60 13.8 9175.46026811594 10756.726206434918 28309.356 2.598 5150.85630075188 266
70 22.7 10132.093171806173 11453.041584922352 32710.02 2.475 6525.597259900989 404
80 20.4 8978.054499999995 11051.332772158394 36288.88 2.475 7823.021304278924 631
90 25.6 6202.511160156254 9860.252774087021 36442.282 2.475 8105.20905508982 835
100 24.6 9307.929902439022 12010.129491630889 38313.908 2.475 7658.746487626032 1091
110 23.9 6929.504138075306 10289.160017521379 38491.582 2.475 7962.186367988033 1337
120 14.1 11418.441950354616 12030.805176836602 42371.938 2.475 7805.580369923857 1576
130 1.2 37062.33833333334 2195.742897505813 42371.938 2.475 8102.268478741992 1717
137 13.6 31029.53884558825 5060.909636662479 42371.938 2.475 8303.26375824176 1729
