10 0.1 900 0 900 900 0 0
20 0.1 866.0 0.0 900 866 900.0 1
30 0.1 921.0 0.0 921 866 883.0 2
40 0.1 1156.0 0.0 1156 866 895.6666666666666 3
50 0.1 1236.0 0.0 1236 866 960.75 4
60 0.1 1340.0 0.0 1340 866 1015.8 5
70 0.1 1967.0 0.0 1967 866 1069.8333333333333 6
80 0.1 2525.0 0.0 2525 866 1198.0 7
90 0.1 2108.0 0.0 2525 866 1363.875 8
100 0.1 2874.0 0.0 2874 866 1446.5555555555557 9
110 0.1 2938.0 0.0 2938 866 1589.3 10
120 0.1 2.6e3 0.0 2938 866 1711.909090909091 11
130 0.1 1186.0 0.0 2938 866 1785.9166666666667 12
137 0.1 266.0 0.0 2938 266 1739.7692307692307 13
