0 15.6 257.2669423076923 172.7261106362577 702.945 6.842 0 0
10 17 171.80802941176475 167.99328955297156 702.945 6.524 257.2669423076923 156
20 19.9 249.16187437185945 201.40198425444433 831.123 6.524 212.7024785276074 326
30 18.4 1082.0955815217392 928.9044922857139 3057.667 6.524 226.5223257142858 525
40 20.7 3698.2946666666676 1015.7633627733469 6094.356 6.524 448.561083215797 709
50 35.8 4227.820960893856 3932.859026602587 9548.9 0.392 1182.9441091703059 916
60 54.9 2923.0078342440825 4338.642802104246 12044.262 0.391 2038.5688445839878 1274
70 88.6 2341.922814898422 3672.993477626026 12044.262 0.373 2304.9193686231492 1823
80 81.6 2317.7400441176474 3789.744623614033 12044.262 0.373 2317.0216400885947 2709
90 102.6 1575.9669376218296 3327.0497545723315 12044.262 0.373 2317.1879429787245 3525
100 95.8 2344.7161513569918 4289.296813156692 13114.722 0.373 2150.0834051856737 4551
110 96 1580.059308333332 3046.4868661760897 13114.722 0.373 2183.929506262479 5509
120 63.2 3960.7554778481017 5103.832307146736 13792.005 0.373 2094.315131550471 6469
130 9.4 8383.584819148937 1738.39950663727 13792.005 0.373 2260.431213631882 7101
137 26.5 6552.499192452831 5538.856464518385 15068.988 0.373 2340.4279389854055 7195
