10 0.1 813 0 813 813 0 0
20 0.1 740.0 0.0 813 740 813.0 1
30 0.1 768.0 0.0 813 740 776.5 2
40 0.1 1035.0 0.0 1035 740 773.6666666666666 3
50 0.1 1144.0 0.0 1144 740 839.0 4
60 0.1 1212.0 0.0 1212 740 900.0 5
70 0.1 2098.0 0.0 2098 740 952.0 6
80 0.1 2604.0 0.0 2604 740 1115.7142857142858 7
90 0.1 2162.0 0.0 2604 740 1301.75 8
100 0.1 3177.0 0.0 3177 740 1397.3333333333333 9
110 0.1 3160.0 0.0 3177 740 1575.3 10
120 0.1 2847.0 0.0 3177 740 1719.3636363636363 11
130 0.1 1009.0 0.0 3177 740 1813.3333333333333 12
137 0.1 156.0 0.0 3177 156 1751.4615384615386 13
