0 4 1011.0192499999997 361.5735005639067 1881.952 189.949 0 0
10 4.4 695.2057272727272 365.62672351490363 1881.952 189.288 1011.0192499999997 40
20 4.8 1008.4572291666664 469.9922953337569 2012.556 189.131 845.5931190476189 84
30 2.2 3366.947136363636 2101.5527784149012 6126.232 189.131 904.8164318181816 132
40 2.6 9841.791192307692 1642.812527075982 13739.052 189.131 1256.5493896103894 154
50 8.6 10712.419430232561 7093.099821593858 21210.76 4.588 2496.639872222222 180
60 14 9453.724864285714 10923.428211955728 28685.757 4.583 5152.869353383459 266
70 23.3 9863.70883690987 11211.481123179226 32711.922 4.303 6635.922977832513 406
80 19.7 9195.141370558375 11353.844938706612 36290.791 4.303 7812.877758998436 639
90 26.2 6202.91360305343 9813.895623502056 36444.277 3.962 8138.602557416268 836
100 26.2 9111.186030534342 11743.053421383604 38315.915 3.962 7676.716850637521 1098
110 22.7 6822.642052863438 10328.633099480296 38493.526 3.962 7953.063119117644 1360
120 13.1 12106.03730534351 12373.284573277955 42373.874 3.962 7791.3708809073705 1587
130 1.1 37184.723999999995 2255.1225291397427 42373.874 3.962 8120.370474388823 1718
137 13.6 31031.518941176444 5060.907012344698 42373.874 3.962 8305.27960613071 1729
