0 3.8 1.9487894736842106 5.691788800118319 36.564 0.825 0 0
10 3.7 0.9943783783783783 0.17616889183798715 36.564 0.721 1.9487894736842106 38
20 3.7 0.8935405405405403 0.12260783330969109 36.564 0.721 1.4779466666666667 75
30 3.4 0.9163235294117649 0.09747570454107289 36.564 0.721 1.2848839285714284 112
40 5.7 0.9337719298245619 0.12214917792685134 36.564 0.715 1.1990547945205479 146
50 4.2 0.9373571428571426 0.11041648889730261 36.564 0.715 1.1245665024630542 203
60 0.8 3.5317499999999997 7.054168266883063 36.564 0.715 1.0924734693877551 245
70 0 0 0 36.564 0.715 1.169604743083004 253
80 0 0 0 36.564 0.715 1.169604743083004 253
88 0 0 0 36.564 0.715 1.169604743083004 253
