0 0.1 0.07320796826428444 0 0.07320796826428444 0.07320796826428444 0 0
10 0.1 0.6036217303822937 0.0 0.6036217303822937 0.07320796826428444 0.07320796826428444 1
20 0.1 0.6066734074823054 0.0 0.6066734074823054 0.07320796826428444 0.3384148493232891 2
30 0.1 0.906344410876133 0.0 0.906344410876133 0.07320796826428444 0.4278343687096278 3
40 0.1 1.2072434607645874 0.0 1.2072434607645874 0.07320796826428444 0.5474618792512541 4
50 0.1 1.1122345803842264 0.0 1.2072434607645874 0.07320796826428444 0.6794181955539208 5
60 0.1 1.710261569416499 0.0 1.710261569416499 0.07320796826428444 0.751554259692305 6
70 0.1 0.8056394763343404 0.0 1.710261569416499 0.07320796826428444 0.8885124467957614 7
80 0.1 0.3009027081243731 0.0 1.710261569416499 0.07320796826428444 0.8781533254880837 8
88 0.1 0.1002004008016032 0.0 1.710261569416499 0.07320796826428444 0.8140143680032269 9
