0 0.1 3540.67578125 0 3540.67578125 3540.67578125 0 0
10 0.1 3530.29296875 0.0 3540.67578125 3530.29296875 3540.67578125 1
20 0.1 3519.71484375 0.0 3540.67578125 3519.71484375 3535.484375 2
30 0.1 3518.0625 0.0 3540.67578125 3518.0625 3530.2278645833335 3
40 0.1 3516.25 0.0 3540.67578125 3516.25 3527.1865234375 4
50 0.1 3507.72265625 0.0 3540.67578125 3507.72265625 3524.99921875 5
60 0.1 3507.2265625 0.0 3540.67578125 3507.2265625 3522.1197916666665 6
70 0.1 3505.765625 0.0 3540.67578125 3505.765625 3519.9921875 7
80 0.1 3510.47265625 0.0 3540.67578125 3505.765625 3518.2138671875 8
88 0.1 3518.25 0.0 3540.67578125 3505.765625 3517.3537326388887 9
