0 9.9 53.25061616161612 84.68768273190105 375.605 5.623 0 0
10 29.4 89.53304761904761 123.71244998648113 670.216 5.585 53.25061616161612 99
20 31.4 54.448735668789794 67.58149297655152 670.216 5.351 80.39319847328242 393
30 33.1 106.52580060422962 166.20258489023536 1060.523 5.351 68.87048090523336 707
40 36.3 134.63354820936638 213.9365886998626 1235.917 5.351 80.8781021194605 1038
50 42.9 202.63390442890423 328.3371562298963 1884.0 5.351 94.80617273376158 1401
60 32 48.86983125000002 67.2570806146295 1884.0 5.351 120.08382131147535 1830
70 9.3 23.400215053763443 23.236950542926177 1884.0 5.351 109.48452976744181 2150
80 3.3 28.19254545454546 27.463922717554617 1884.0 5.351 105.91527374052603 2243
88 0.1 12.333 0.0 1884.0 5.351 104.78836247803159 2276
