0 10.3 51.179077669902895 83.38149567793273 375.605 5.623 0 0
10 36.3 72.75871074380163 113.87538448799299 670.216 2.215 51.179077669902895 103
20 42.1 40.36698574821854 57.890594552308315 670.216 2.087 67.98896351931329 466
30 44.4 79.39472747747746 131.48181779185828 696.935 2.087 54.87864487034948 887
40 46.1 106.10097613882864 187.92489722551582 1196.788 2.087 63.05681217129976 1331
50 56.4 154.02581028368797 273.78329084626614 1666.339 2.052 74.13011551339285 1792
60 47.8 32.69101673640165 55.78343285765637 1666.339 2.052 93.25624957555178 2356
70 14.7 14.776551020408165 17.22708681125451 1666.339 2.052 83.04094213126322 2834
80 5.3 17.517132075471704 21.286143385494682 1666.339 2.052 79.67466722576316 2981
88 0.2 6.1165 2.9625000000000004 1666.339 2.052 78.5888566249176 3034
