0 0.1 6749.895 0 6749.895 6749.895 0 0
10 0.8 13737.544249999999 3286.231747930781 17776.948 6749.895 6749.895 1
20 3.2 16616.452562499995 3592.4226002711507 24381.866 6749.895 12961.138777777778 9
30 3.7 19644.477810810808 5867.907052223377 28734.323 6749.895 15814.066609756095 41
40 3.5 18844.401685714278 5000.173890666266 29290.986 6749.895 17631.056538461533 78
50 3.5 19059.12962857143 5592.506052115753 32046.935 6749.895 18006.87140707964 113
60 5.4 18693.88112962964 5358.829312029418 34004.937 6749.895 18255.716256756754 148
70 3.9 22125.536282051282 5492.310119139202 36283.929 6749.895 18372.849440594062 202
80 0.8 29082.232375000003 4341.31612989546 36283.929 6749.895 18980.130713692946 241
88 0.4 33030.95525 3351.230473253919 38263.962 6749.895 19304.696228915665 249
